1748542790735 0.11386735737323761 117
1748542804436 0.19792619347572327 235
1748542818119 0.3630206286907196 353
1748542831808 0.6019273996353149 471
1748542845467 0.9041932225227356 589
1748542859130 1.2565927505493164 707
1748542872820 1.6437066793441772 825
1748542886548 2.048597812652588 943
1748542900404 2.4535510540008545 1061
1748542914069 2.840846538543701 1179
1748542927966 3.1935393810272217 1297
1748542941616 3.496196985244751 1415
1748542955436 3.7355780601501465 1533
1748542969243 3.9012086391448975 1651
1748542982817 3.985841989517212 1769
1748542996519 3.9973206520080566 1887
1748543010281 3.981235980987549 2005
1748543023945 3.9492099285125732 2123
1748543037568 3.9014997482299805 2241
1748543051173 3.838491439819336 2359
1748543064855 3.760690212249756 2477
1748543078428 3.66872239112854 2595
1748543091957 3.5633296966552734 2713
1748543105653 3.4453582763671875 2831
1748543119118 3.315760612487793 2949
1748543132767 3.1755809783935547 3067
1748543146459 3.025944948196411 3185
1748543160062 2.868058681488037 3303
1748543173874 2.7031936645507812 3421
1748543187467 2.532677173614502 3539
1748543356847 2.3578810691833496 3657
1748543370462 2.1802139282226562 3775
1748543384109 2.0011065006256104 3893
1748543397647 1.8219997882843018 4011
1748543411286 1.6443365812301636 4129
1748543424948 1.469546914100647 4247
1748543438811 1.2990378141403198 4365
1748543452664 1.1341828107833862 4483
1748543466509 0.9763087034225464 4601
1748543480191 0.8266869783401489 4719
1748543493785 0.6865222454071045 4837
1748543507489 0.5569427609443665 4955
1748543521058 0.4389922022819519 5073
1748543534749 0.3336198925971985 5191
1748543548352 0.24167436361312866 5309
1748543562048 0.16389593482017517 5427
1748543575836 0.10091076046228409 5545
1748543589663 0.05322601646184921 5663
1748543603344 0.021225620061159134 5781
1748543616981 0.005167215131223202 5899
