1748542790735 0.6637455224990845 117
1748542804436 0.937559962272644 235
1748542818119 0.9547727108001709 353
1748542831808 0.9655500650405884 471
1748542845467 0.9697610139846802 589
1748542859130 0.976330041885376 707
1748542872820 0.979036808013916 825
1748542886548 0.9827452898025513 943
1748542900404 0.9841443300247192 1061
1748542914069 0.9852479100227356 1179
1748542927966 0.9867606163024902 1297
1748542941616 0.9876660704612732 1415
1748542955436 0.9891127943992615 1533
1748542969243 0.9892804026603699 1651
1748542982817 0.9906651377677917 1769
1748542996519 0.9905933737754822 1887
1748543010281 0.9905396699905396 2005
1748543023945 0.9912448525428772 2123
1748543037568 0.9912275075912476 2241
1748543051173 0.9919975399971008 2359
1748543064855 0.9919309020042419 2477
1748543078428 0.9923043847084045 2595
1748543091957 0.9918562173843384 2713
1748543105653 0.9924483895301819 2831
1748543119118 0.9930124878883362 2949
1748543132767 0.9934336543083191 3067
1748543146459 0.9928459525108337 3185
1748543160062 0.9935421943664551 3303
1748543173874 0.9937739968299866 3421
1748543187467 0.9941110610961914 3539
1748543356847 0.993611216545105 3657
1748543370462 0.9940197467803955 3775
1748543384109 0.9941273927688599 3893
1748543397647 0.9944189786911011 4011
1748543411286 0.9943664073944092 4129
1748543424948 0.9949249625205994 4247
1748543438811 0.9950898289680481 4365
1748543452664 0.9957572221755981 4483
1748543466509 0.9963524341583252 4601
1748543480191 0.9968581199645996 4719
1748543493785 0.9972160458564758 4837
1748543507489 0.9972400665283203 4955
1748543521058 0.997860312461853 5073
1748543534749 0.99798583984375 5191
1748543548352 0.9982577562332153 5309
1748543562048 0.998411238193512 5427
1748543575836 0.9986047744750977 5545
1748543589663 0.9986913204193115 5663
1748543603344 0.9988657236099243 5781
1748543616981 0.9987223744392395 5899
