1748542790735 0.944375216960907 117
1748542804436 0.9966422319412231 235
1748542818119 0.998263955116272 353
1748542831808 0.9988587498664856 471
1748542845467 0.9992152452468872 589
1748542859130 0.9994460940361023 707
1748542872820 0.9995924234390259 825
1748542886548 0.9997049570083618 943
1748542900404 0.9997257590293884 1061
1748542914069 0.9997782111167908 1179
1748542927966 0.9998146295547485 1297
1748542941616 0.9998251795768738 1415
1748542955436 0.9998587965965271 1533
1748542969243 0.9998695254325867 1651
1748542982817 0.999880313873291 1769
1748542996519 0.9998977780342102 1887
1748543010281 0.9999055862426758 2005
1748543023945 0.9999038577079773 2123
1748543037568 0.9999243021011353 2241
1748543051173 0.9999330639839172 2359
1748543064855 0.9999067187309265 2477
1748543078428 0.9999269843101501 2595
1748543091957 0.9999438524246216 2713
1748543105653 0.9999309778213501 2831
1748543119118 0.9999521374702454 2949
1748543132767 0.9999435544013977 3067
1748543146459 0.9999619722366333 3185
1748543160062 0.9999508261680603 3303
1748543173874 0.9999561309814453 3421
1748543187467 0.9999596476554871 3539
1748543356847 0.9999580383300781 3657
1748543370462 0.9999662637710571 3775
1748543384109 0.9999696016311646 3893
1748543397647 0.9999713897705078 4011
1748543411286 0.9999731183052063 4129
1748543424948 0.9999679923057556 4247
1748543438811 0.9999732971191406 4365
1748543452664 0.9999849200248718 4483
1748543466509 0.9999877214431763 4601
1748543480191 0.9999883770942688 4719
1748543493785 0.9999914169311523 4837
1748543507489 0.9999923706054688 4955
1748543521058 0.9999917149543762 5073
1748543534749 0.9999937415122986 5191
1748543548352 0.9999950528144836 5309
1748543562048 0.9999973177909851 5427
1748543575836 0.9999966621398926 5545
1748543589663 0.9999979138374329 5663
1748543603344 0.9999983906745911 5781
1748543616981 0.9999980926513672 5899
