1748542790735 0.669783353805542 117
1748542804436 0.9381666779518127 235
1748542818119 0.9551833271980286 353
1748542831808 0.9657666683197021 471
1748542845467 0.9699666500091553 589
1748542859130 0.9764666557312012 707
1748542872820 0.9791833162307739 825
1748542886548 0.982866644859314 943
1748542900404 0.9842666387557983 1061
1748542914069 0.9853500127792358 1179
1748542927966 0.9868333339691162 1297
1748542941616 0.9877499938011169 1415
1748542955436 0.9891833066940308 1533
1748542969243 0.9893666505813599 1651
1748542982817 0.9907333254814148 1769
1748542996519 0.9906499981880188 1887
1748543010281 0.9905999898910522 2005
1748543023945 0.9912999868392944 2123
1748543037568 0.9912833571434021 2241
1748543051173 0.9920499920845032 2359
1748543064855 0.9919833540916443 2477
1748543078428 0.9923666715621948 2595
1748543091957 0.9918833374977112 2713
1748543105653 0.9925000071525574 2831
1748543119118 0.993066668510437 2949
1748543132767 0.993483304977417 3067
1748543146459 0.992900013923645 3185
1748543160062 0.9935833215713501 3303
1748543173874 0.9937999844551086 3421
1748543187467 0.9941499829292297 3539
1748543356847 0.9936666488647461 3657
1748543370462 0.9940500259399414 3775
1748543384109 0.9941499829292297 3893
1748543397647 0.9944333434104919 4011
1748543411286 0.9944000244140625 4129
1748543424948 0.994949996471405 4247
1748543438811 0.995116651058197 4365
1748543452664 0.9957833290100098 4483
1748543466509 0.9963666796684265 4601
1748543480191 0.9968666434288025 4719
1748543493785 0.9972166419029236 4837
1748543507489 0.9972500205039978 4955
1748543521058 0.997866690158844 5073
1748543534749 0.9979833364486694 5191
1748543548352 0.9982666373252869 5309
1748543562048 0.9984166622161865 5427
1748543575836 0.9986000061035156 5545
1748543589663 0.9986833333969116 5663
1748543603344 0.9988666772842407 5781
1748543616981 0.9987166523933411 5899
