1748542790735 0.6652066707611084 117
1748542804436 0.9375346899032593 235
1748542818119 0.9547411799430847 353
1748542831808 0.9655261635780334 471
1748542845467 0.9697348475456238 589
1748542859130 0.9763020277023315 707
1748542872820 0.9790113568305969 825
1748542886548 0.9827187061309814 943
1748542900404 0.9841163158416748 1061
1748542914069 0.9852344989776611 1179
1748542927966 0.9867661595344543 1297
1748542941616 0.9876591563224792 1415
1748542955436 0.9890931844711304 1533
1748542969243 0.9892693758010864 1651
1748542982817 0.9906622171401978 1769
1748542996519 0.9905927181243896 1887
1748543010281 0.990531325340271 2005
1748543023945 0.9912300109863281 2123
1748543037568 0.9912010431289673 2241
1748543051173 0.9919872283935547 2359
1748543064855 0.9919242858886719 2477
1748543078428 0.9923033714294434 2595
1748543091957 0.9918443560600281 2713
1748543105653 0.9924396276473999 2831
1748543119118 0.9930046200752258 2949
1748543132767 0.9934245347976685 3067
1748543146459 0.9928436875343323 3185
1748543160062 0.9935308694839478 3303
1748543173874 0.9937752485275269 3421
1748543187467 0.9941118955612183 3539
1748543356847 0.9936076998710632 3657
1748543370462 0.9940083026885986 3775
1748543384109 0.9941218495368958 3893
1748543397647 0.9944027662277222 4011
1748543411286 0.9943664073944092 4129
1748543424948 0.9949022531509399 4247
1748543438811 0.99507737159729 4365
1748543452664 0.9957541227340698 4483
1748543466509 0.9963474273681641 4601
1748543480191 0.9968585968017578 4719
1748543493785 0.9972140789031982 4837
1748543507489 0.9972326755523682 4955
1748543521058 0.9978611469268799 5073
1748543534749 0.997981071472168 5191
1748543548352 0.9982563853263855 5309
1748543562048 0.998411238193512 5427
1748543575836 0.9986004829406738 5545
1748543589663 0.9986878633499146 5663
1748543603344 0.9988689422607422 5781
1748543616981 0.9987220168113708 5899
