1748542781741 0.8504222631454468 49
1748542786804 0.3284410536289215 99
1748542794650 0.26004257798194885 149
1748542799741 0.2053440362215042 199
1748542806612 0.16508738696575165 249
1748542811680 0.23702861368656158 299
1748542816734 0.07717282325029373 349
1748542823517 0.08042430132627487 399
1748542828586 0.14556416869163513 449
1748542835325 0.08977939933538437 499
1748542840393 0.15754249691963196 549
1748542847205 0.06922902166843414 599
1748542852278 0.06638870388269424 649
1748542857341 0.08592323213815689 699
1748542864152 0.05071878805756569 749
1748542869186 0.04760583117604256 799
1748542876058 0.06467749178409576 849
1748542881098 0.08567429333925247 899
1748542888099 0.04463113844394684 949
1748542893148 0.051236361265182495 999
1748542898202 0.04770733416080475 1049
1748542905031 0.04581930860877037 1099
1748542910072 0.024941228330135345 1149
1748542917020 0.031345169991254807 1199
1748542922086 0.05139297991991043 1249
1748542928695 0.023931626230478287 1299
1748542933970 0.05512285977602005 1349
1748542939013 0.06246792525053024 1399
1748542945895 0.03148270398378372 1449
1748542950953 0.03208228945732117 1499
1748542957934 0.035724613815546036 1549
1748542962976 0.057782258838415146 1599
1748542968042 0.010016296058893204 1649
1748542974775 0.02661367505788803 1699
1748542979839 0.04085211455821991 1749
1748542986590 0.04233784228563309 1799
1748542991648 0.029453638941049576 1849
1748542998514 0.04222718998789787 1899
1748543003570 0.04416841268539429 1949
1748543008633 0.010306460782885551 1999
1748543015493 0.0170469768345356 2049
1748543020535 0.02514786832034588 2099
1748543027260 0.014904209412634373 2149
1748543032312 0.015827806666493416 2199
1748543039056 0.020505953580141068 2249
1748543044128 0.02104705385863781 2299
1748543049194 0.02585570514202118 2349
1748543055980 0.02117053046822548 2399
1748543061040 0.04102953150868416 2449
1748543067731 0.0324101485311985 2499
1748543072809 0.03533758223056793 2549
1748543079472 0.015986347571015358 2599
1748543084539 0.032388415187597275 2649
1748543089590 0.016270942986011505 2699
1748543096349 0.042510490864515305 2749
1748543101424 0.03215891867876053 2799
1748543108049 0.0239546038210392 2849
1748543113122 0.04088084399700165 2899
1748543118115 0.06212036684155464 2949
1748543124911 0.025422565639019012 2999
1748543129966 0.017691513523459435 3049
1748543136736 0.02482275664806366 3099
1748543141791 0.029962873086333275 3149
1748543148605 0.023187285289168358 3199
1748543153699 0.03526634722948074 3249
1748543158760 0.010745386593043804 3299
1748543165633 0.006339843384921551 3349
1748543170669 0.028051743283867836 3399
1748543177389 0.006222511641681194 3449
1748543182434 0.03346944600343704 3499
1748543189269 0.01027196366339922 3549
1748543349996 0.012841124087572098 3599
1748543355060 0.0273530725389719 3649
1748543361837 0.01609443686902523 3699
1748543366888 0.013190611265599728 3749
1748543373571 0.019902164116501808 3799
1748543378646 0.015543103218078613 3849
1748543385386 0.029359379783272743 3899
1748543390480 0.029368774965405464 3949
1748543395542 0.023836104199290276 3999
1748543402186 0.008835647255182266 4049
1748543407250 0.010298319160938263 4099
1748543414059 0.007891181856393814 4149
1748543419122 0.004249663092195988 4199
1748543425875 0.016410620883107185 4249
1748543431018 0.025338776409626007 4299
1748543436103 0.01671494171023369 4349
1748543443162 0.00545573839917779 4399
1748543448200 0.013746004551649094 4449
1748543455122 0.0037397947162389755 4499
1748543460180 0.0145765021443367 4549
1748543465262 0.001486735651269555 4599
1748543472097 0.0119637381285429 4649
1748543477148 0.007457091938704252 4699
1748543483875 0.00815683975815773 4749
1748543488937 0.009087820537388325 4799
1748543495755 0.004798769019544125 4849
1748543500825 0.004459102638065815 4899
1748543505886 0.0071594128385186195 4949
1748543512575 0.005293774418532848 4999
1748543517626 0.002643030369654298 5049
1748543524463 0.013021199032664299 5099
1748543529537 0.013380162417888641 5149
1748543536266 0.006906528957188129 5199
1748543541339 0.0031966723036020994 5249
1748543546392 0.009919599629938602 5299
1748543553147 0.0044180601835250854 5349
1748543558201 0.008364105597138405 5399
1748543565084 0.02305455692112446 5449
1748543570146 0.0061639477498829365 5499
1748543576977 0.0038163999561220407 5549
1748543582084 0.0035106423310935497 5599
1748543587156 0.004936501383781433 5649
1748543594044 0.0038781629409641027 5699
1748543599084 0.004348357208073139 5749
1748543605879 0.012204854749143124 5799
1748543610933 0.00908143911510706 5849
1748543615939 0.0020411163568496704 5899
