1748542790735 0.6673386096954346 117
1748542804436 0.937606155872345 235
1748542818119 0.9548242092132568 353
1748542831808 0.9655801653862 471
1748542845467 0.969793438911438 589
1748542859130 0.9763622283935547 707
1748542872820 0.9790646433830261 825
1748542886548 0.9827739000320435 943
1748542900404 0.9841758012771606 1061
1748542914069 0.9852638244628906 1179
1748542927966 0.986757755279541 1297
1748542941616 0.987675666809082 1415
1748542955436 0.989133894443512 1533
1748542969243 0.9892931580543518 1651
1748542982817 0.9906703233718872 1769
1748542996519 0.9905952215194702 1887
1748543010281 0.9905484318733215 2005
1748543023945 0.99126136302948 2123
1748543037568 0.9912548661231995 2241
1748543051173 0.992009162902832 2359
1748543064855 0.9919381141662598 2477
1748543078428 0.9923057556152344 2595
1748543091957 0.9918691515922546 2713
1748543105653 0.9924578666687012 2831
1748543119118 0.9930208921432495 2949
1748543132767 0.993443489074707 3067
1748543146459 0.9928488731384277 3185
1748543160062 0.9935542345046997 3303
1748543173874 0.9937738180160522 3421
1748543187467 0.994110643863678 3539
1748543356847 0.993615448474884 3657
1748543370462 0.9940322041511536 3775
1748543384109 0.9941332340240479 3893
1748543397647 0.9944363832473755 4011
1748543411286 0.9943666458129883 4129
1748543424948 0.9949485063552856 4247
1748543438811 0.99510258436203 4365
1748543452664 0.9957605600357056 4483
1748543466509 0.9963578581809998 4601
1748543480191 0.9968580603599548 4719
1748543493785 0.9972182512283325 4837
1748543507489 0.9972477555274963 4955
1748543521058 0.9978598952293396 5073
1748543534749 0.9979909658432007 5191
1748543548352 0.9982591271400452 5309
1748543562048 0.9984116554260254 5427
1748543575836 0.998609185218811 5545
1748543589663 0.9986947774887085 5663
1748543603344 0.998862624168396 5781
1748543616981 0.998723030090332 5899
