1749034315069 0.0 49
1749034333584 0.0 93
1749034333961 0.0 93
1749034335957 1.0 99
1749034351557 1.0 149
1749034367105 1.0 187
1749034367405 1.0 187
1749034371482 2.0 199
1749034387417 2.0 249
1749034401045 2.0 281
1749034401243 2.0 281
1749034407080 3.0 299
1749034423556 3.0 349
1749034435947 3.0 375
1749034435956 3.0 375
1749034443575 4.0 399
1749034459319 4.0 449
1749034469473 4.0 469
1749034469676 4.0 469
1749034479410 5.0 499
1749034495185 5.0 549
1749034503001 5.0 563
1749034503009 5.0 563
1749034514472 6.0 599
1749034530202 6.0 649
1749034536912 6.0 657
1749034537099 6.0 657
1749034550424 7.0 699
1749034566091 7.0 749
1749034570113 7.0 751
1749034570301 7.0 751
1749034585530 8.0 799
1749034603251 8.0 845
1749034603261 8.0 845
1749034604647 9.0 849
1749034620330 9.0 899
1749034637037 9.0 939
1749034637049 9.0 939
1749034640289 10.0 949
1749034655994 10.0 999
1749034670053 10.0 1033
1749034670060 10.0 1033
1749034675274 11.0 1049
1749034691008 11.0 1099
1749034703167 11.0 1127
1749034703353 11.0 1127
1749034710356 12.0 1149
1749034726011 12.0 1199
1749034737071 12.0 1221
1749034737079 12.0 1221
1749034745921 13.0 1249
1749034761595 13.0 1299
1749034770075 13.0 1315
1749034770089 13.0 1315
1749034780869 14.0 1349
1749034796492 14.0 1399
1749034803060 14.0 1409
1749034803068 14.0 1409
1749034815708 15.0 1449
1749034831292 15.0 1499
1749034836526 15.0 1503
1749034836541 15.0 1503
1749034851026 16.0 1549
1749034869455 16.0 1597
1749034869465 16.0 1597
1749034870210 17.0 1599
1749034885929 17.0 1649
1749034902892 17.0 1691
1749034903080 17.0 1691
1749034905660 18.0 1699
1749034921131 18.0 1749
1749034935725 18.0 1785
1749034935733 18.0 1785
1749034940320 19.0 1799
1749034955848 19.0 1849
1749034968559 19.0 1879
1749034968567 19.0 1879
1749034974859 20.0 1899
1749034990350 20.0 1949
1749035001934 20.0 1973
1749035001942 20.0 1973
1749035010021 21.0 1999
1749035025442 21.0 2049
1749035034443 21.0 2067
1749035034452 21.0 2067
1749035044842 22.0 2099
1749035060273 22.0 2149
1749035067532 22.0 2161
1749035067540 22.0 2161
1749035079374 23.0 2199
1749035094706 23.0 2249
1749035100140 23.0 2255
1749035100467 23.0 2255
1749035114103 24.0 2299
1749035129310 24.0 2349
1749035132771 24.0 2349
1749035132783 24.0 2349
1749035148193 25.0 2399
1749035165804 25.0 2443
1749035165815 25.0 2443
1749035167771 26.0 2449
1749035183047 26.0 2499
1749035198147 26.0 2537
1749035198159 26.0 2537
1749035202138 27.0 2549
1749035217395 27.0 2599
1749035230897 27.0 2631
1749035230905 27.0 2631
1749035236486 28.0 2649
1749035251722 28.0 2699
1749035263009 28.0 2725
1749035263018 28.0 2725
1749035270502 29.0 2749
1749035285721 29.0 2799
1749035295168 29.0 2819
1749035295176 29.0 2819
1749035304504 30.0 2849
1749035319621 30.0 2899
1749035327316 30.0 2913
1749035327323 30.0 2913
1749035338487 31.0 2949
1749035353699 31.0 2999
1749035359542 31.0 3007
1749035359551 31.0 3007
1749035372584 32.0 3049
1749035387726 32.0 3099
1749035392352 32.0 3101
1749035392365 32.0 3101
1749035407124 33.0 3149
1749035424441 33.0 3195
1749035424448 33.0 3195
1749035425806 34.0 3199
1749035440950 34.0 3249
1749035458180 34.0 3289
1749035458188 34.0 3289
1749035461326 35.0 3299
1749035476449 35.0 3349
1749035490110 35.0 3383
1749035490117 35.0 3383
1749035495145 36.0 3399
1749035510240 36.0 3449
1749035522054 36.0 3477
1749035522064 36.0 3477
1749035528810 37.0 3499
1749035543964 37.0 3549
1749035554190 37.0 3571
1749035554201 37.0 3571
1749035562777 38.0 3599
1749035577802 38.0 3649
1749035586007 38.0 3665
1749035586218 38.0 3665
1749035596578 39.0 3699
1749035611656 39.0 3749
1749035618754 39.0 3759
1749035618767 39.0 3759
1749035630911 40.0 3799
1749035645912 40.0 3849
1749035650438 40.0 3853
1749035650446 40.0 3853
1749035664374 41.0 3899
1749035682705 41.0 3947
1749035682716 41.0 3947
1749035683433 42.0 3949
1749035698432 42.0 3999
1749035715131 42.0 4041
1749035715332 42.0 4041
1749035717900 43.0 4049
1749035732959 43.0 4099
1749035747064 43.0 4135
1749035747266 43.0 4135
1749035751549 44.0 4149
1749035766540 44.0 4199
1749035778855 44.0 4229
1749035779125 44.0 4229
1749035785370 45.0 4249
1749035800348 45.0 4299
1749035810968 45.0 4323
1749035810976 45.0 4323
1749035818941 46.0 4349
1749035833984 46.0 4399
1749035842836 46.0 4417
1749035843111 46.0 4417
1749035852969 47.0 4449
1749035868331 47.0 4499
1749035875347 47.0 4511
1749035875560 47.0 4511
1749035887079 48.0 4549
1749035902104 48.0 4599
1749035908107 48.0 4605
1749035908115 48.0 4605
1749035921438 49.0 4649
1749035936333 49.0 4699
1749035939774 49.0 4699
1749035939972 49.0 4699
1749035943032 50.0 4700
