1749034315069 0.10268300026655197 49
1749034335957 0.11091858893632889 99
1749034351557 0.12460564076900482 149
1749034371482 0.14357422292232513 199
1749034387417 0.16758882999420166 249
1749034407080 0.1963513046503067 299
1749034423556 0.2295045256614685 349
1749034443575 0.2666369080543518 399
1749034459319 0.30728742480278015 449
1749034479410 0.35095134377479553 499
1749034495185 0.39708659052848816 549
1749034514472 0.44512033462524414 599
1749034530202 0.4944562315940857 649
1749034550424 0.5444817543029785 699
1749034566091 0.5945757627487183 749
1749034585530 0.6441163420677185 799
1749034604647 0.6924883723258972 849
1749034620330 0.7390913963317871 899
1749034640289 0.7833467125892639 949
1749034655994 0.8247048854827881 999
1749034675274 0.8626524209976196 1049
1749034691008 0.8967181444168091 1099
1749034710356 0.9264792203903198 1149
1749034726011 0.9515660405158997 1199
1749034745921 0.9716672301292419 1249
1749034761595 0.9865331053733826 1299
1749034780869 0.9959791898727417 1349
1749034796492 0.9998881220817566 1399
1749034815708 0.9996368885040283 1449
1749034831292 0.9981627464294434 1499
1749034851026 0.9955581426620483 1549
1749034870210 0.9918290972709656 1599
1749034885929 0.9869840145111084 1649
1749034905660 0.9810340404510498 1699
1749034921131 0.9739927053451538 1749
1749034940320 0.965876042842865 1799
1749034955848 0.9567025303840637 1849
1749034974859 0.9464930891990662 1899
1749034990350 0.9352709650993347 1949
1749035010021 0.9230618476867676 1999
1749035025442 0.9098933935165405 2049
1749035044842 0.8957957625389099 2099
1749035060273 0.8808010220527649 2149
1749035079374 0.8649433255195618 2199
1749035094706 0.8482588529586792 2249
1749035114103 0.8307855725288391 2299
1749035129310 0.812563419342041 2349
1749035148193 0.7936338186264038 2399
1749035167771 0.7740399241447449 2449
1749035183047 0.7538264393806458 2499
1749035202138 0.7330394387245178 2549
1749035217395 0.7117262482643127 2599
1749035236486 0.6899354457855225 2649
1749035251722 0.6677166819572449 2699
1749035270502 0.6451206803321838 2749
1749035285721 0.6221988797187805 2799
1749035304504 0.5990035533905029 2849
1749035319621 0.5755875110626221 2899
1749035338487 0.5520041584968567 2949
1749035353699 0.5283072590827942 2999
1749035372584 0.5045507550239563 3049
1749035387726 0.48078885674476624 3099
1749035407124 0.45707568526268005 3149
1749035425806 0.43346530199050903 3199
1749035440950 0.41001152992248535 3249
1749035461326 0.38676780462265015 3299
1749035476449 0.36378708481788635 3349
1749035495145 0.34112176299095154 3399
1749035510240 0.31882351636886597 3449
1749035528810 0.29694312810897827 3499
1749035543964 0.27553048729896545 3549
1749035562777 0.25463441014289856 3599
1749035577802 0.23430247604846954 3649
1749035596578 0.21458107233047485 3699
1749035611656 0.19551511108875275 3749
1749035630911 0.17714805901050568 3799
1749035645912 0.15952178835868835 3849
1749035664374 0.142676442861557 3899
1749035683433 0.12665045261383057 3949
1749035698432 0.11148030310869217 3999
1749035717900 0.09720060229301453 4049
1749035732959 0.08384387195110321 4099
1749035751549 0.07144056260585785 4149
1749035766540 0.06001894548535347 4199
1749035785370 0.04960504546761513 4249
1749035800348 0.04022260010242462 4299
1749035818941 0.03189299628138542 4349
1749035833984 0.024635212495923042 4399
1749035852969 0.018465792760252953 4449
1749035868331 0.013398797251284122 4499
1749035887079 0.009445775300264359 4549
1749035902104 0.006615734659135342 4599
1749035921438 0.004915126599371433 4649
1749035936333 0.004347825888544321 4699
