1749034315069 1.959856629371643 49
1749034335957 1.7930660247802734 99
1749034351557 1.1827921867370605 149
1749034371482 0.7803263664245605 199
1749034387417 0.4138036072254181 249
1749034407080 0.2633324861526489 299
1749034423556 0.16215255856513977 349
1749034443575 0.1757921576499939 399
1749034459319 0.18610398471355438 449
1749034479410 0.08954654633998871 499
1749034495185 0.10209695994853973 549
1749034514472 0.1133226528763771 599
1749034530202 0.09795192629098892 649
1749034550424 0.12382814288139343 699
1749034566091 0.019921518862247467 749
1749034585530 0.08345577865839005 799
1749034604647 0.09557779133319855 849
1749034620330 0.05495040491223335 899
1749034640289 0.1182757094502449 949
1749034655994 0.07414558529853821 999
1749034675274 0.06789080798625946 1049
1749034691008 0.05406203866004944 1099
1749034710356 0.08575024455785751 1149
1749034726011 0.0716724693775177 1199
1749034745921 0.060846563428640366 1249
1749034761595 0.1524207442998886 1299
1749034780869 0.02643737383186817 1349
1749034796492 0.029512256383895874 1399
1749034815708 0.03188147768378258 1449
1749034831292 0.05443394184112549 1499
1749034851026 0.07175402343273163 1549
1749034870210 0.05290529504418373 1599
1749034885929 0.02616816945374012 1649
1749034905660 0.04894683137536049 1699
1749034921131 0.05571260675787926 1749
1749034940320 0.10139118880033493 1799
1749034955848 0.03618311509490013 1849
1749034974859 0.04646175727248192 1899
1749034990350 0.04733262211084366 1949
1749035010021 0.030695917084813118 1999
1749035025442 0.08742737770080566 2049
1749035044842 0.0485391803085804 2099
1749035060273 0.10140395909547806 2149
1749035079374 0.05033180117607117 2199
1749035094706 0.05337735265493393 2249
1749035114103 0.07355993241071701 2299
1749035129310 0.08727965503931046 2349
1749035148193 0.08621543645858765 2399
1749035167771 0.07328395545482635 2449
1749035183047 0.029257381334900856 2499
1749035202138 0.04400574415922165 2549
1749035217395 0.05243011936545372 2599
1749035236486 0.05648422986268997 2649
1749035251722 0.05695457011461258 2699
1749035270502 0.052378494292497635 2749
1749035285721 0.07865369319915771 2799
1749035304504 0.03627129644155502 2849
1749035319621 0.028732141479849815 2899
1749035338487 0.046347420662641525 2949
1749035353699 0.03931521251797676 2999
1749035372584 0.0929633378982544 3049
1749035387726 0.01556595042347908 3099
1749035407124 0.03627035394310951 3149
1749035425806 0.04852328449487686 3199
1749035440950 0.03048308566212654 3249
1749035461326 0.02837180718779564 3299
1749035476449 0.041976749897003174 3349
1749035495145 0.03197997435927391 3399
1749035510240 0.01598750799894333 3449
1749035528810 0.029727483168244362 3499
1749035543964 0.04167388752102852 3549
1749035562777 0.038202930241823196 3599
1749035577802 0.047659724950790405 3649
1749035596578 0.020355984568595886 3699
1749035611656 0.01813679002225399 3749
1749035630911 0.02203282341361046 3799
1749035645912 0.011896368116140366 3849
1749035664374 0.017451975494623184 3899
1749035683433 0.027390608564019203 3949
1749035698432 0.014238003641366959 3999
1749035717900 0.026164663955569267 4049
1749035732959 0.016598492860794067 4099
1749035751549 0.01257506012916565 4149
1749035766540 0.011265689507126808 4199
1749035785370 0.006948827765882015 4249
1749035800348 0.003819017903879285 4299
1749035818941 0.002487873425707221 4349
1749035833984 0.008889391086995602 4399
1749035852969 0.003228250192478299 4449
1749035868331 0.0017549917101860046 4499
1749035887079 0.0020882647950202227 4549
1749035902104 0.002082540187984705 4599
1749035921438 0.0017001703381538391 4649
1749035936333 0.01223828550428152 4699
