1749034315069 0.220703125 49
1749034335957 0.32421875 99
1749034351557 0.599609375 149
1749034371482 0.79296875 199
1749034387417 0.890625 249
1749034407080 0.9453125 299
1749034423556 0.958984375 349
1749034443575 0.95703125 399
1749034459319 0.9453125 449
1749034479410 0.974609375 499
1749034495185 0.974609375 549
1749034514472 0.96484375 599
1749034530202 0.97265625 649
1749034550424 0.962890625 699
1749034566091 0.998046875 749
1749034585530 0.96484375 799
1749034604647 0.9765625 849
1749034620330 0.98828125 899
1749034640289 0.96484375 949
1749034655994 0.98046875 999
1749034675274 0.984375 1049
1749034691008 0.984375 1099
1749034710356 0.966796875 1149
1749034726011 0.9765625 1199
1749034745921 0.98046875 1249
1749034761595 0.947265625 1299
1749034780869 0.9921875 1349
1749034796492 0.986328125 1399
1749034815708 0.994140625 1449
1749034831292 0.984375 1499
1749034851026 0.9765625 1549
1749034870210 0.986328125 1599
1749034885929 0.994140625 1649
1749034905660 0.98046875 1699
1749034921131 0.982421875 1749
1749034940320 0.96875 1799
1749034955848 0.984375 1849
1749034974859 0.982421875 1899
1749034990350 0.984375 1949
1749035010021 0.994140625 1999
1749035025442 0.9765625 2049
1749035044842 0.984375 2099
1749035060273 0.974609375 2149
1749035079374 0.98828125 2199
1749035094706 0.984375 2249
1749035114103 0.982421875 2299
1749035129310 0.9817708134651184 2349
1749035148193 0.9765625 2399
1749035167771 0.978515625 2449
1749035183047 0.990234375 2499
1749035202138 0.990234375 2549
1749035217395 0.982421875 2599
1749035236486 0.986328125 2649
1749035251722 0.984375 2699
1749035270502 0.990234375 2749
1749035285721 0.974609375 2799
1749035304504 0.98828125 2849
1749035319621 0.990234375 2899
1749035338487 0.98046875 2949
1749035353699 0.984375 2999
1749035372584 0.97265625 3049
1749035387726 0.998046875 3099
1749035407124 0.984375 3149
1749035425806 0.9921875 3199
1749035440950 0.986328125 3249
1749035461326 0.994140625 3299
1749035476449 0.98828125 3349
1749035495145 0.994140625 3399
1749035510240 0.99609375 3449
1749035528810 0.990234375 3499
1749035543964 0.982421875 3549
1749035562777 0.990234375 3599
1749035577802 0.978515625 3649
1749035596578 0.99609375 3699
1749035611656 0.99609375 3749
1749035630911 0.994140625 3799
1749035645912 0.99609375 3849
1749035664374 0.99609375 3899
1749035683433 0.9921875 3949
1749035698432 0.99609375 3999
1749035717900 0.994140625 4049
1749035732959 0.998046875 4099
1749035751549 0.998046875 4149
1749035766540 0.998046875 4199
1749035785370 0.998046875 4249
1749035800348 1.0 4299
1749035818941 1.0 4349
1749035833984 0.99609375 4399
1749035852969 1.0 4449
1749035868331 1.0 4499
1749035887079 1.0 4549
1749035902104 1.0 4599
1749035921438 1.0 4649
1749035936333 0.9973958134651184 4699
