1748542790735 0.9511263966560364 117
1748542804436 0.20795299112796783 235
1748542818119 0.14631177484989166 353
1748542831808 0.11556590348482132 471
1748542845467 0.09671101719141006 589
1748542859130 0.07817573845386505 707
1748542872820 0.06772105395793915 825
1748542886548 0.05659455433487892 943
1748542900404 0.05150187015533447 1061
1748542914069 0.047517936676740646 1179
1748542927966 0.0428776890039444 1297
1748542941616 0.038938429206609726 1415
1748542955436 0.036737874150276184 1533
1748542969243 0.03490487113595009 1651
1748542982817 0.03227812424302101 1769
1748542996519 0.029945924878120422 1887
1748543010281 0.030014213174581528 2005
1748543023945 0.029640521854162216 2123
1748543037568 0.027573658153414726 2241
1748543051173 0.025404775515198708 2359
1748543064855 0.026592306792736053 2477
1748543078428 0.024681515991687775 2595
1748543091957 0.02453596331179142 2713
1748543105653 0.024165848270058632 2831
1748543119118 0.02198636159300804 2949
1748543132767 0.02207672968506813 3067
1748543146459 0.021528784185647964 3185
1748543160062 0.020965173840522766 3303
1748543173874 0.019869938492774963 3421
1748543187467 0.018608294427394867 3539
1748543356847 0.02030060440301895 3657
1748543370462 0.017799386754631996 3775
1748543384109 0.018319569528102875 3893
1748543397647 0.01676335372030735 4011
1748543411286 0.01653396338224411 4129
1748543424948 0.015871066600084305 4247
1748543438811 0.01529962569475174 4365
1748543452664 0.013078290037810802 4483
1748543466509 0.011696591973304749 4601
1748543480191 0.010423208586871624 4719
1748543493785 0.008475242182612419 4837
1748543507489 0.008804749697446823 4955
1748543521058 0.0077675990760326385 5073
1748543534749 0.006850304547697306 5191
1748543548352 0.006175436545163393 5309
1748543562048 0.005447774659842253 5427
1748543575836 0.005369469057768583 5545
1748543589663 0.004684884566813707 5663
1748543603344 0.004491625353693962 5781
1748543616981 0.004688023589551449 5899
