1748546313639 0.5923333168029785 117
1748546327382 0.746399998664856 235
1748546341489 0.7995499968528748 353
1748546355158 0.8385499715805054 471
1748546368883 0.8556166887283325 589
1748546382622 0.8686500191688538 707
1748546396426 0.8802666664123535 825
1748546410138 0.8886333107948303 943
1748546423956 0.8950166702270508 1061
1748546437616 0.8993499875068665 1179
1748546451406 0.9038166403770447 1297
1748546465077 0.905916690826416 1415
1748546478643 0.9093166589736938 1533
1748546492398 0.912850022315979 1651
1748546506102 0.9153000116348267 1769
1748546519856 0.918749988079071 1887
1748546533588 0.921750009059906 2005
1748546547562 0.923466682434082 2123
1748546561350 0.9253333210945129 2241
1748546575065 0.925516664981842 2359
1748546588744 0.9291499853134155 2477
1748546602537 0.9297000169754028 2595
1748546616231 0.9309333562850952 2713
1748546630009 0.9315000176429749 2831
1748546643701 0.9340833425521851 2949
1748546657522 0.9362166523933411 3067
1748546671323 0.9350833296775818 3185
1748546685137 0.9372333288192749 3303
1748546698868 0.9380000233650208 3421
1748546712491 0.9390000104904175 3539
1748546726365 0.9403666853904724 3657
1748546740005 0.9409499764442444 3775
1748546753779 0.9431166648864746 3893
1748546767479 0.9438666701316833 4011
1748546781131 0.9465333223342896 4129
1748546795011 0.9486833214759827 4247
1748546808862 0.9495000243186951 4365
1748546822751 0.9507166743278503 4483
1748546836542 0.9518833160400391 4601
1748546850273 0.9531166553497314 4719
1748546864026 0.9569833278656006 4837
1748546877880 0.9589333534240723 4955
1748546891613 0.9613000154495239 5073
1748546905433 0.9636499881744385 5191
1748546919142 0.9648500084877014 5309
1748546932909 0.9686999917030334 5427
1748546946762 0.9714000225067139 5545
1748546960431 0.9710166454315186 5663
1748546974237 0.9735000133514404 5781
1748546988010 0.9734166860580444 5899
