1748546313639 0.9251083731651306 117
1748546327382 0.9644970297813416 235
1748546341489 0.9759764075279236 353
1748546355158 0.9831782579421997 471
1748546368883 0.9864907264709473 589
1748546382622 0.9884546399116516 707
1748546396426 0.9900954365730286 825
1748546410138 0.9912358522415161 943
1748546423956 0.9920929074287415 1061
1748546437616 0.9925029873847961 1179
1748546451406 0.9931988716125488 1297
1748546465077 0.9935646057128906 1415
1748546478643 0.9940147399902344 1533
1748546492398 0.9943586587905884 1651
1748546506102 0.9945774078369141 1769
1748546519856 0.9949406981468201 1887
1748546533588 0.9953468441963196 2005
1748546547562 0.9955452084541321 2123
1748546561350 0.9957413077354431 2241
1748546575065 0.9958492517471313 2359
1748546588744 0.9961406588554382 2477
1748546602537 0.9962601065635681 2595
1748546616231 0.9963747262954712 2713
1748546630009 0.9964792132377625 2831
1748546643701 0.9966465830802917 2949
1748546657522 0.9968069195747375 3067
1748546671323 0.9967973828315735 3185
1748546685137 0.9968363046646118 3303
1748546698868 0.9969936609268188 3421
1748546712491 0.9970604181289673 3539
1748546726365 0.9971290826797485 3657
1748546740005 0.9973211288452148 3775
1748546753779 0.9974071383476257 3893
1748546767479 0.9974851608276367 4011
1748546781131 0.9977478384971619 4129
1748546795011 0.9978843927383423 4247
1748546808862 0.9979446530342102 4365
1748546822751 0.9980298280715942 4483
1748546836542 0.9981180429458618 4601
1748546850273 0.9982571005821228 4719
1748546864026 0.99843829870224 4837
1748546877880 0.9985727667808533 4955
1748546891613 0.9987315535545349 5073
1748546905433 0.9988684058189392 5191
1748546919142 0.9989728331565857 5309
1748546932909 0.9991470575332642 5427
1748546946762 0.9992592930793762 5545
1748546960431 0.9992944002151489 5663
1748546974237 0.9993616342544556 5781
1748546988010 0.9993624687194824 5899
