1748546313639 0.5888786315917969 117
1748546327382 0.7429747581481934 235
1748546341489 0.7978911399841309 353
1748546355158 0.8369396924972534 471
1748546368883 0.8542884588241577 589
1748546382622 0.8677178621292114 707
1748546396426 0.8797062635421753 825
1748546410138 0.8881704211235046 943
1748546423956 0.8945982456207275 1061
1748546437616 0.89898681640625 1179
1748546451406 0.9035521745681763 1297
1748546465077 0.9056068658828735 1415
1748546478643 0.9090472459793091 1533
1748546492398 0.9126774668693542 1651
1748546506102 0.9150873422622681 1769
1748546519856 0.9185553193092346 1887
1748546533588 0.9215452671051025 2005
1748546547562 0.923227071762085 2123
1748546561350 0.9251613616943359 2241
1748546575065 0.9253494143486023 2359
1748546588744 0.9290177822113037 2477
1748546602537 0.9295644760131836 2595
1748546616231 0.9308056831359863 2713
1748546630009 0.9313713312149048 2831
1748546643701 0.933934211730957 2949
1748546657522 0.936091423034668 3067
1748546671323 0.9349765181541443 3185
1748546685137 0.9371142387390137 3303
1748546698868 0.9379214644432068 3421
1748546712491 0.9389139413833618 3539
1748546726365 0.9402790069580078 3657
1748546740005 0.9408766627311707 3775
1748546753779 0.9430460929870605 3893
1748546767479 0.9437829256057739 4011
1748546781131 0.9464572072029114 4129
1748546795011 0.9485941529273987 4247
1748546808862 0.9494377374649048 4365
1748546822751 0.9506464600563049 4483
1748546836542 0.9518159031867981 4601
1748546850273 0.9530463218688965 4719
1748546864026 0.9569237232208252 4837
1748546877880 0.9588629007339478 4955
1748546891613 0.9612627029418945 5073
1748546905433 0.9635918140411377 5191
1748546919142 0.96480393409729 5309
1748546932909 0.9686729907989502 5427
1748546946762 0.9713602066040039 5545
1748546960431 0.9709860682487488 5663
1748546974237 0.9734680652618408 5781
1748546988010 0.9733798503875732 5899
