1749029999714 0.11178431659936905 9
1749030002261 0.19237853586673737 19
1749030004965 0.3552491068840027 29
1749030007556 0.5931822657585144 39
1749030010293 0.8956396579742432 49
1749030012977 1.24922513961792 59
1749030015625 1.6382777690887451 69
1749030018298 2.0455663204193115 79
1749030020939 2.4530510902404785 89
1749030023604 2.842684268951416 99
1749030026247 3.1972084045410156 109
1749030028855 3.5009214878082275 119
1749030031489 3.740370988845825 129
1749030034068 3.9049527645111084 139
1749030036714 3.9873757362365723 149
1749030039498 3.9970200061798096 159
1749030042006 3.980320692062378 169
1749030044589 3.9476866722106934 179
1749030047317 3.899381160736084 189
1749030049909 3.8357930183410645 199
1749030052529 3.757434368133545 209
1749030055090 3.664935827255249 219
1749030057719 3.55904221534729 229
1749030060275 3.4406063556671143 239
1749030062952 3.3105812072753906 249
1749030065672 3.1700143814086914 259
1749030068274 3.0200374126434326 269
1749030070794 2.8618578910827637 279
1749030073441 2.696748733520508 289
1749030076076 2.5260403156280518 299
1749030078702 2.3511064052581787 309
1749030081310 2.1733558177948 319
1749030083966 1.9942195415496826 329
1749030086704 1.815139889717102 339
1749030089294 1.6375583410263062 349
1749030091994 1.4629055261611938 359
1749030094634 1.2925866842269897 369
1749030097178 1.1279736757278442 379
1749030099828 0.9703919887542725 389
1749030102497 0.8211100697517395 399
1749030105136 0.6813297867774963 409
1749030107711 0.5521768927574158 419
1749030110354 0.43469107151031494 429
1749030113056 0.3298182189464569 439
1749030115703 0.23840273916721344 449
1749030118264 0.16118067502975464 459
1749030120849 0.09877379238605499 469
1749030123571 0.05168452113866806 479
1749030126211 0.020291993394494057 489
1749030128785 0.004848983604460955 499
