1749029999714 0.1991632580757141 9
1749030002261 0.2423720508813858 19
1749030004965 0.23098595440387726 29
1749030007556 0.21444262564182281 39
1749030010293 0.24710005521774292 49
1749030012977 0.24449598789215088 59
1749030015625 0.27362900972366333 69
1749030018298 0.30259594321250916 79
1749030020939 0.3118020296096802 89
1749030023604 0.3167686462402344 99
1749030026247 0.31583693623542786 109
1749030028855 0.31338685750961304 119
1749030031489 0.3362635672092438 129
1749030034068 0.3233076333999634 139
1749030036714 0.33789485692977905 149
1749030039498 0.3338719606399536 159
1749030042006 0.3315529227256775 169
1749030044589 0.36608681082725525 179
1749030047317 0.3735436797142029 189
1749030049909 0.37738582491874695 199
1749030052529 0.37974900007247925 209
1749030055090 0.39106109738349915 219
1749030057719 0.4126543402671814 229
1749030060275 0.4074469208717346 239
1749030062952 0.4297340512275696 249
1749030065672 0.44617384672164917 259
1749030068274 0.45132890343666077 269
1749030070794 0.4637577533721924 279
1749030073441 0.4661271572113037 289
1749030076076 0.4728439152240753 299
1749030078702 0.496540367603302 309
1749030081310 0.5127350687980652 319
1749030083966 0.5212854743003845 329
1749030086704 0.5207294225692749 339
1749030089294 0.5367611646652222 349
1749030091994 0.5399047136306763 359
1749030094634 0.5511888265609741 369
1749030097178 0.5621848106384277 379
1749030099828 0.5651071071624756 389
1749030102497 0.5711807012557983 399
1749030105136 0.5710063576698303 409
1749030107711 0.5677872896194458 419
1749030110354 0.5891705751419067 429
1749030113056 0.6029425263404846 439
1749030115703 0.6135657429695129 449
1749030118264 0.6132177114486694 459
1749030120849 0.6230120658874512 469
1749030123571 0.6248807907104492 479
1749030126211 0.623892068862915 489
1749030128785 0.6289169788360596 499
