1749037020816 0.0 49
1749037038749 0.0 93
1749037039141 0.0 93
1749037041090 1.0 99
1749037056444 1.0 149
1749037071849 1.0 187
1749037072045 1.0 187
1749037075995 2.0 199
1749037092515 2.0 249
1749037106616 2.0 281
1749037106627 2.0 281
1749037112767 3.0 299
1749037129807 3.0 349
1749037142341 3.0 375
1749037142352 3.0 375
1749037150354 4.0 399
1749037166724 4.0 449
1749037177741 4.0 469
1749037177953 4.0 469
1749037187867 5.0 499
1749037204552 5.0 549
1749037212810 5.0 563
1749037213088 5.0 563
1749037225233 6.0 599
1749037241812 6.0 649
1749037247975 6.0 657
1749037248172 6.0 657
1749037262106 7.0 699
1749037278652 7.0 749
1749037282846 7.0 751
1749037282856 7.0 751
1749037298859 8.0 799
1749037318338 8.0 845
1749037318349 8.0 845
1749037319780 9.0 849
1749037336175 9.0 899
1749037353586 9.0 939
1749037353600 9.0 939
1749037357121 10.0 949
1749037373544 10.0 999
1749037388541 10.0 1033
1749037388553 10.0 1033
1749037393975 11.0 1049
1749037410333 11.0 1099
1749037423156 11.0 1127
1749037423166 11.0 1127
1749037430562 12.0 1149
1749037446970 12.0 1199
1749037458313 12.0 1221
1749037458323 12.0 1221
1749037467640 13.0 1249
1749037483935 13.0 1299
1749037493154 13.0 1315
1749037493164 13.0 1315
1749037504438 14.0 1349
1749037520772 14.0 1399
1749037527610 14.0 1409
1749037527821 14.0 1409
1749037540963 15.0 1449
1749037557578 15.0 1499
1749037562540 15.0 1503
1749037562548 15.0 1503
1749037577649 16.0 1549
1749037597871 16.0 1597
1749037597881 16.0 1597
1749037598658 17.0 1599
1749037614892 17.0 1649
1749037632304 17.0 1691
1749037632312 17.0 1691
1749037635161 18.0 1699
1749037651414 18.0 1749
1749037666797 18.0 1785
1749037666807 18.0 1785
1749037671482 19.0 1799
1749037687736 19.0 1849
1749037701328 19.0 1879
1749037701340 19.0 1879
1749037707886 20.0 1899
1749037724070 20.0 1949
1749037736108 20.0 1973
1749037736118 20.0 1973
1749037744571 21.0 1999
1749037760753 21.0 2049
1749037770016 21.0 2067
1749037770204 21.0 2067
1749037780602 22.0 2099
1749037796606 22.0 2149
1749037804011 22.0 2161
1749037804021 22.0 2161
1749037816308 23.0 2199
1749037832289 23.0 2249
1749037838594 23.0 2255
1749037838603 23.0 2255
1749037852806 24.0 2299
1749037868695 24.0 2349
1749037872219 24.0 2349
1749037872231 24.0 2349
1749037888373 25.0 2399
1749037906025 25.0 2443
1749037906039 25.0 2443
1749037908084 26.0 2449
1749037923940 26.0 2499
1749037940557 26.0 2537
1749037940568 26.0 2537
1749037944483 27.0 2549
1749037960412 27.0 2599
1749037974240 27.0 2631
1749037974252 27.0 2631
1749037980172 28.0 2649
1749037996035 28.0 2699
1749038007889 28.0 2725
1749038007901 28.0 2725
1749038015622 29.0 2749
1749038031427 29.0 2799
1749038042164 29.0 2819
1749038042171 29.0 2819
1749038051919 30.0 2849
1749038067824 30.0 2899
1749038075783 30.0 2913
1749038075793 30.0 2913
1749038087274 31.0 2949
1749038103007 31.0 2999
1749038109013 31.0 3007
1749038109026 31.0 3007
1749038122337 32.0 3049
1749038137986 32.0 3099
1749038142837 32.0 3101
1749038142848 32.0 3101
1749038157983 33.0 3149
1749038175800 33.0 3195
1749038175809 33.0 3195
1749038177189 34.0 3199
1749038192857 34.0 3249
1749038208999 34.0 3289
1749038209010 34.0 3289
1749038212255 35.0 3299
1749038227876 35.0 3349
1749038242488 35.0 3383
1749038242496 35.0 3383
1749038247687 36.0 3399
1749038263304 36.0 3449
1749038275520 36.0 3477
1749038275528 36.0 3477
1749038282566 37.0 3499
1749038298159 37.0 3549
1749038308962 37.0 3571
1749038308970 37.0 3571
1749038317793 38.0 3599
1749038333408 38.0 3649
1749038341836 38.0 3665
1749038341844 38.0 3665
1749038352635 39.0 3699
1749038368274 39.0 3749
1749038374898 39.0 3759
1749038374907 39.0 3759
1749038387485 40.0 3799
1749038403048 40.0 3849
1749038408580 40.0 3853
1749038408774 40.0 3853
1749038423237 41.0 3899
1749038441783 41.0 3947
1749038441793 41.0 3947
1749038442537 42.0 3949
1749038458184 42.0 3999
1749038474750 42.0 4041
1749038474758 42.0 4041
1749038477374 43.0 4049
1749038492929 43.0 4099
1749038508265 43.0 4135
1749038508277 43.0 4135
1749038512936 44.0 4149
1749038528511 44.0 4199
1749038541448 44.0 4229
1749038541456 44.0 4229
1749038548141 45.0 4249
1749038563758 45.0 4299
1749038575374 45.0 4323
1749038575575 45.0 4323
1749038583759 46.0 4349
1749038599372 46.0 4399
1749038608446 46.0 4417
1749038608640 46.0 4417
1749038618776 47.0 4449
1749038634320 47.0 4499
1749038641600 47.0 4511
1749038641792 47.0 4511
1749038653752 48.0 4549
1749038669294 48.0 4599
1749038675555 48.0 4605
1749038675748 48.0 4605
1749038689566 49.0 4649
1749038705034 49.0 4699
1749038708668 49.0 4699
1749038708864 49.0 4699
1749038712742 50.0 4700
