1749037020816 0.10268300026655197 49
1749037041090 0.11091858893632889 99
1749037056444 0.12460564076900482 149
1749037075995 0.14357422292232513 199
1749037092515 0.16758882999420166 249
1749037112767 0.1963513046503067 299
1749037129807 0.2295045256614685 349
1749037150354 0.2666369080543518 399
1749037166724 0.30728742480278015 449
1749037187867 0.35095134377479553 499
1749037204552 0.39708659052848816 549
1749037225233 0.44512033462524414 599
1749037241812 0.4944562315940857 649
1749037262106 0.5444817543029785 699
1749037278652 0.5945757627487183 749
1749037298859 0.6441163420677185 799
1749037319780 0.6924883723258972 849
1749037336175 0.7390913963317871 899
1749037357121 0.7833467125892639 949
1749037373544 0.8247048854827881 999
1749037393975 0.8626524209976196 1049
1749037410333 0.8967181444168091 1099
1749037430562 0.9264792203903198 1149
1749037446970 0.9515660405158997 1199
1749037467640 0.9716672301292419 1249
1749037483935 0.9865331053733826 1299
1749037504438 0.9959791898727417 1349
1749037520772 0.9998881220817566 1399
1749037540963 0.9996368885040283 1449
1749037557578 0.9981627464294434 1499
1749037577649 0.9955581426620483 1549
1749037598658 0.9918290972709656 1599
1749037614892 0.9869840145111084 1649
1749037635161 0.9810340404510498 1699
1749037651414 0.9739927053451538 1749
1749037671482 0.965876042842865 1799
1749037687736 0.9567025303840637 1849
1749037707886 0.9464930891990662 1899
1749037724070 0.9352709650993347 1949
1749037744571 0.9230618476867676 1999
1749037760753 0.9098933935165405 2049
1749037780602 0.8957957625389099 2099
1749037796606 0.8808010220527649 2149
1749037816308 0.8649433255195618 2199
1749037832289 0.8482588529586792 2249
1749037852806 0.8307855725288391 2299
1749037868695 0.812563419342041 2349
1749037888373 0.7936338186264038 2399
1749037908084 0.7740399241447449 2449
1749037923940 0.7538264393806458 2499
1749037944483 0.7330394387245178 2549
1749037960412 0.7117262482643127 2599
1749037980172 0.6899354457855225 2649
1749037996035 0.6677166819572449 2699
1749038015622 0.6451206803321838 2749
1749038031427 0.6221988797187805 2799
1749038051919 0.5990035533905029 2849
1749038067824 0.5755875110626221 2899
1749038087274 0.5520041584968567 2949
1749038103007 0.5283072590827942 2999
1749038122337 0.5045507550239563 3049
1749038137986 0.48078885674476624 3099
1749038157983 0.45707568526268005 3149
1749038177189 0.43346530199050903 3199
1749038192857 0.41001152992248535 3249
1749038212255 0.38676780462265015 3299
1749038227876 0.36378708481788635 3349
1749038247687 0.34112176299095154 3399
1749038263304 0.31882351636886597 3449
1749038282566 0.29694312810897827 3499
1749038298159 0.27553048729896545 3549
1749038317793 0.25463441014289856 3599
1749038333408 0.23430247604846954 3649
1749038352635 0.21458107233047485 3699
1749038368274 0.19551511108875275 3749
1749038387485 0.17714805901050568 3799
1749038403048 0.15952178835868835 3849
1749038423237 0.142676442861557 3899
1749038442537 0.12665045261383057 3949
1749038458184 0.11148030310869217 3999
1749038477374 0.09720060229301453 4049
1749038492929 0.08384387195110321 4099
1749038512936 0.07144056260585785 4149
1749038528511 0.06001894548535347 4199
1749038548141 0.04960504546761513 4249
1749038563758 0.04022260010242462 4299
1749038583759 0.03189299628138542 4349
1749038599372 0.024635212495923042 4399
1749038618776 0.018465792760252953 4449
1749038634320 0.013398797251284122 4499
1749038653752 0.009445775300264359 4549
1749038669294 0.006615734659135342 4599
1749038689566 0.004915126599371433 4649
1749038705034 0.004347825888544321 4699
