1749037020816 1.9167448282241821 49
1749037041090 1.3804019689559937 99
1749037056444 1.1488721370697021 149
1749037075995 0.9080217480659485 199
1749037092515 0.6700665354728699 249
1749037112767 0.6346194744110107 299
1749037129807 0.5657179355621338 349
1749037150354 0.5295013785362244 399
1749037166724 0.5348032712936401 449
1749037187867 0.4814206063747406 499
1749037204552 0.3963841497898102 549
1749037225233 0.5138371586799622 599
1749037241812 0.37521424889564514 649
1749037262106 0.427490770816803 699
1749037278652 0.3909180760383606 749
1749037298859 0.3732750117778778 799
1749037319780 0.40774863958358765 849
1749037336175 0.3306170105934143 899
1749037357121 0.3026130497455597 949
1749037373544 0.3401699364185333 999
1749037393975 0.3656388521194458 1049
1749037410333 0.3339763879776001 1099
1749037430562 0.3730786442756653 1149
1749037446970 0.27513307332992554 1199
1749037467640 0.40093788504600525 1249
1749037483935 0.3279227614402771 1299
1749037504438 0.30535900592803955 1349
1749037520772 0.25115421414375305 1399
1749037540963 0.25150492787361145 1449
1749037557578 0.3140363097190857 1499
1749037577649 0.2734496593475342 1549
1749037598658 0.29315534234046936 1599
1749037614892 0.28713661432266235 1649
1749037635161 0.23432642221450806 1699
1749037651414 0.290699303150177 1749
1749037671482 0.26780420541763306 1799
1749037687736 0.25463902950286865 1849
1749037707886 0.3389732837677002 1899
1749037724070 0.2694470286369324 1949
1749037744571 0.2782125174999237 1999
1749037760753 0.293315052986145 2049
1749037780602 0.2830745279788971 2099
1749037796606 0.2819148004055023 2149
1749037816308 0.2782577574253082 2199
1749037832289 0.2527505159378052 2249
1749037852806 0.2341870218515396 2299
1749037868695 0.26022323966026306 2349
1749037888373 0.2646958827972412 2399
1749037908084 0.27472421526908875 2449
1749037923940 0.35172557830810547 2499
1749037944483 0.2876748740673065 2549
1749037960412 0.24377134442329407 2599
1749037980172 0.2185523957014084 2649
1749037996035 0.256091445684433 2699
1749038015622 0.22269494831562042 2749
1749038031427 0.28381937742233276 2799
1749038051919 0.23951049149036407 2849
1749038067824 0.2172158807516098 2899
1749038087274 0.20199638605117798 2949
1749038103007 0.25762563943862915 2999
1749038122337 0.2860611081123352 3049
1749038137986 0.3052678406238556 3099
1749038157983 0.24560268223285675 3149
1749038177189 0.25457584857940674 3199
1749038192857 0.255071759223938 3249
1749038212255 0.18337403237819672 3299
1749038227876 0.2441735714673996 3349
1749038247687 0.21381881833076477 3399
1749038263304 0.21787844598293304 3449
1749038282566 0.23000699281692505 3499
1749038298159 0.18490517139434814 3549
1749038317793 0.20593437552452087 3599
1749038333408 0.22157251834869385 3649
1749038352635 0.1841375082731247 3699
1749038368274 0.21582451462745667 3749
1749038387485 0.17117203772068024 3799
1749038403048 0.18003295361995697 3849
1749038423237 0.18625806272029877 3899
1749038442537 0.15116435289382935 3949
1749038458184 0.12018409371376038 3999
1749038477374 0.11183479428291321 4049
1749038492929 0.16119812428951263 4099
1749038512936 0.12065158784389496 4149
1749038528511 0.10120994597673416 4199
1749038548141 0.15227709710597992 4249
1749038563758 0.1167677789926529 4299
1749038583759 0.06587058305740356 4349
1749038599372 0.04652136564254761 4399
1749038618776 0.04532719403505325 4449
1749038634320 0.049303263425827026 4499
1749038653752 0.012961963191628456 4549
1749038669294 0.007827341556549072 4599
1749038689566 0.006801123730838299 4649
1749038705034 0.0032809206750243902 4699
