1749029999629 0.0 9
1749029999714 0.0 9
1749030002235 1.0 19
1749030002261 1.0 19
1749030004940 2.0 29
1749030004965 2.0 29
1749030007484 3.0 39
1749030007556 3.0 39
1749030009009 4.0 49
1749030010224 4.0 49
1749030010293 4.0 49
1749030012908 5.0 59
1749030012977 5.0 59
1749030015556 6.0 69
1749030015625 6.0 69
1749030018224 7.0 79
1749030018298 7.0 79
1749030020913 8.0 89
1749030020939 8.0 89
1749030022404 9.0 99
1749030023535 9.0 99
1749030023604 9.0 99
1749030026222 10.0 109
1749030026247 10.0 109
1749030028829 11.0 119
1749030028855 11.0 119
1749030031463 12.0 129
1749030031489 12.0 129
1749030034042 13.0 139
1749030034068 13.0 139
1749030035498 14.0 149
1749030036687 14.0 149
1749030036714 14.0 149
1749030039470 15.0 159
1749030039498 15.0 159
1749030041980 16.0 169
1749030042006 16.0 169
1749030044521 17.0 179
1749030044589 17.0 179
1749030047291 18.0 189
1749030047317 18.0 189
1749030048740 19.0 199
1749030049839 19.0 199
1749030049909 19.0 199
1749030052503 20.0 209
1749030052529 20.0 209
1749030055020 21.0 219
1749030055090 21.0 219
1749030057693 22.0 229
1749030057719 22.0 229
1749030060248 23.0 239
1749030060275 23.0 239
1749030061754 24.0 249
1749030062927 24.0 249
1749030062952 24.0 249
1749030065602 25.0 259
1749030065672 25.0 259
1749030068204 26.0 269
1749030068274 26.0 269
1749030070768 27.0 279
1749030070794 27.0 279
1749030073415 28.0 289
1749030073441 28.0 289
1749030074850 29.0 299
1749030076050 29.0 299
1749030076076 29.0 299
1749030078675 30.0 309
1749030078702 30.0 309
1749030081284 31.0 319
1749030081310 31.0 319
1749030083897 32.0 329
1749030083966 32.0 329
1749030086630 33.0 339
1749030086704 33.0 339
1749030088131 34.0 349
1749030089267 34.0 349
1749030089294 34.0 349
1749030091924 35.0 359
1749030091994 35.0 359
1749030094609 36.0 369
1749030094634 36.0 369
1749030097106 37.0 379
1749030097178 37.0 379
1749030099802 38.0 389
1749030099828 38.0 389
1749030101271 39.0 399
1749030102472 39.0 399
1749030102497 39.0 399
1749030105110 40.0 409
1749030105136 40.0 409
1749030107686 41.0 419
1749030107711 41.0 419
1749030110283 42.0 429
1749030110354 42.0 429
1749030112986 43.0 439
1749030113056 43.0 439
1749030114489 44.0 449
1749030115633 44.0 449
1749030115703 44.0 449
1749030118237 45.0 459
1749030118264 45.0 459
1749030120778 46.0 469
1749030120849 46.0 469
1749030123501 47.0 479
1749030123571 47.0 479
1749030126185 48.0 489
1749030126211 48.0 489
1749030127629 49.0 499
1749030128759 49.0 499
1749030128785 49.0 499
