1749029999714 2.0941548347473145 9
1749030002261 1.9610589742660522 19
1749030004965 2.075512647628784 29
1749030007556 2.3066420555114746 39
1749030010293 2.074631929397583 49
1749030012977 1.8722357749938965 59
1749030015625 1.7890291213989258 69
1749030018298 1.7287033796310425 79
1749030020939 1.7097482681274414 89
1749030023604 1.690503478050232 99
1749030026247 1.665052890777588 109
1749030028855 1.6609559059143066 119
1749030031489 1.6622045040130615 129
1749030034068 1.6579910516738892 139
1749030036714 1.633048176765442 149
1749030039498 1.6407846212387085 159
1749030042006 1.6272631883621216 169
1749030044589 1.580414056777954 179
1749030047317 1.561826229095459 189
1749030049909 1.548370599746704 199
1749030052529 1.5493230819702148 209
1749030055090 1.5253185033798218 219
1749030057719 1.4923661947250366 229
1749030060275 1.4827367067337036 239
1749030062952 1.4518098831176758 249
1749030065672 1.4160737991333008 259
1749030068274 1.3984588384628296 269
1749030070794 1.3726154565811157 279
1749030073441 1.3758492469787598 289
1749030076076 1.3533738851547241 299
1749030078702 1.2998454570770264 309
1749030081310 1.272482991218567 319
1749030083966 1.2563294172286987 329
1749030086704 1.2513316869735718 339
1749030089294 1.2330069541931152 349
1749030091994 1.204215407371521 359
1749030094634 1.1749215126037598 369
1749030097178 1.1641831398010254 379
1749030099828 1.155314564704895 389
1749030102497 1.1422467231750488 399
1749030105136 1.1292959451675415 409
1749030107711 1.1327943801879883 419
1749030110354 1.0885263681411743 429
1749030113056 1.0651211738586426 439
1749030115703 1.0293890237808228 449
1749030118264 1.0242328643798828 459
1749030120849 1.005129098892212 469
1749030123571 1.0092353820800781 479
1749030126211 1.002213716506958 489
1749030128785 0.9881954193115234 499
