1749029999714 0.6856018304824829 9
1749030002261 0.7497629523277283 19
1749030004965 0.7420952916145325 29
1749030007556 0.7132408618927002 39
1749030010293 0.736339271068573 49
1749030012977 0.7689628601074219 59
1749030015625 0.7860676050186157 69
1749030018298 0.802311897277832 79
1749030020939 0.8070343136787415 89
1749030023604 0.8112346529960632 99
1749030026247 0.8182897567749023 109
1749030028855 0.8187134861946106 119
1749030031489 0.818548858165741 129
1749030034068 0.8191898465156555 139
1749030036714 0.8261649012565613 149
1749030039498 0.8262621164321899 159
1749030042006 0.8298853039741516 169
1749030044589 0.8388992547988892 179
1749030047317 0.8431779146194458 189
1749030049909 0.8490107655525208 199
1749030052529 0.847371518611908 209
1749030055090 0.8513847589492798 219
1749030057719 0.8586387634277344 229
1749030060275 0.8594980239868164 239
1749030062952 0.8669220209121704 249
1749030065672 0.8725026249885559 259
1749030068274 0.8765934109687805 269
1749030070794 0.8815606236457825 279
1749030073441 0.8811463713645935 289
1749030076076 0.8843685388565063 299
1749030078702 0.8937450647354126 309
1749030081310 0.8984231948852539 319
1749030083966 0.9008299708366394 329
1749030086704 0.9022790789604187 339
1749030089294 0.9045259356498718 349
1749030091994 0.9100176692008972 359
1749030094634 0.9140952229499817 369
1749030097178 0.9150719046592712 379
1749030099828 0.9163944125175476 389
1749030102497 0.9181491732597351 399
1749030105136 0.9201106429100037 409
1749030107711 0.9198102951049805 419
1749030110354 0.9251284003257751 429
1749030113056 0.9285697937011719 439
1749030115703 0.9328293204307556 449
1749030118264 0.934316098690033 459
1749030120849 0.9359184503555298 469
1749030123571 0.9357404708862305 479
1749030126211 0.9368535876274109 489
1749030128785 0.9380634427070618 499
