1749029999714 0.2101999968290329 9
1749030002261 0.2451999932527542 19
1749030004965 0.23639999330043793 29
1749030007556 0.22300000488758087 39
1749030010293 0.25440001487731934 49
1749030012977 0.25220000743865967 59
1749030015625 0.2892000079154968 69
1749030018298 0.31279999017715454 79
1749030020939 0.3240000009536743 89
1749030023604 0.3301999866962433 99
1749030026247 0.32739999890327454 109
1749030028855 0.32260000705718994 119
1749030031489 0.3456000089645386 129
1749030034068 0.3319999873638153 139
1749030036714 0.34779998660087585 149
1749030039498 0.34279999136924744 159
1749030042006 0.33899998664855957 169
1749030044589 0.3734000027179718 179
1749030047317 0.38019999861717224 189
1749030049909 0.38440001010894775 199
1749030052529 0.3887999951839447 209
1749030055090 0.3970000147819519 219
1749030057719 0.41999998688697815 229
1749030060275 0.4163999855518341 239
1749030062952 0.43619999289512634 249
1749030065672 0.4528000056743622 259
1749030068274 0.45820000767707825 269
1749030070794 0.4697999954223633 279
1749030073441 0.4733999967575073 289
1749030076076 0.4779999852180481 299
1749030078702 0.5026000142097473 309
1749030081310 0.5170000195503235 319
1749030083966 0.5264000296592712 329
1749030086704 0.5238000154495239 339
1749030089294 0.5425999760627747 349
1749030091994 0.5440000295639038 359
1749030094634 0.5541999936103821 369
1749030097178 0.5651999711990356 379
1749030099828 0.5687999725341797 389
1749030102497 0.5727999806404114 399
1749030105136 0.5734000205993652 409
1749030107711 0.5690000057220459 419
1749030110354 0.5914000272750854 429
1749030113056 0.6043999791145325 439
1749030115703 0.616599977016449 449
1749030118264 0.6151999831199646 459
1749030120849 0.6251999735832214 469
1749030123571 0.626800000667572 479
1749030126211 0.625 489
1749030128785 0.6304000020027161 499
