1749029999714 0.19872410595417023 9
1749030002261 0.24262729287147522 19
1749030004965 0.2362322360277176 29
1749030007556 0.21943718194961548 39
1749030010293 0.2551792860031128 49
1749030012977 0.2507712244987488 59
1749030015625 0.2791338562965393 69
1749030018298 0.30643290281295776 79
1749030020939 0.31850266456604004 89
1749030023604 0.3232582211494446 99
1749030026247 0.3200156092643738 109
1749030028855 0.31412646174430847 119
1749030031489 0.3378714919090271 129
1749030034068 0.3244328796863556 139
1749030036714 0.34289196133613586 149
1749030039498 0.33850783109664917 159
1749030042006 0.33419644832611084 169
1749030044589 0.37005409598350525 179
1749030047317 0.3766961097717285 189
1749030049909 0.37978291511535645 199
1749030052529 0.38345664739608765 209
1749030055090 0.39214783906936646 219
1749030057719 0.4148988425731659 229
1749030060275 0.40552210807800293 239
1749030062952 0.4296647906303406 249
1749030065672 0.4472607970237732 259
1749030068274 0.45135030150413513 269
1749030070794 0.46366405487060547 279
1749030073441 0.4679141640663147 289
1749030076076 0.4746367335319519 299
1749030078702 0.4963166117668152 309
1749030081310 0.5125532150268555 319
1749030083966 0.5202710628509521 329
1749030086704 0.5207095742225647 339
1749030089294 0.5368243455886841 349
1749030091994 0.53883957862854 359
1749030094634 0.5509331226348877 369
1749030097178 0.5611194968223572 379
1749030099828 0.5643391013145447 389
1749030102497 0.5707883238792419 399
1749030105136 0.5701937675476074 409
1749030107711 0.5677921772003174 419
1749030110354 0.5908071994781494 429
1749030113056 0.6025999784469604 439
1749030115703 0.6129353046417236 449
1749030118264 0.6131325364112854 459
1749030120849 0.624754786491394 469
1749030123571 0.6248179078102112 479
1749030126211 0.623468279838562 489
1749030128785 0.6284242272377014 499
