1748544818153 0.10495458543300629 49
1748544823338 0.12019845843315125 99
1748544833762 0.14565303921699524 149
1748544838967 0.18118363618850708 199
1748544844181 0.22660225629806519 249
1748544853869 0.2816685736179352 299
1748544859069 0.34609127044677734 349
1748544864296 0.41952943801879883 399
1748544872699 0.5015945434570312 449
1748544877895 0.5918523073196411 499
1748544883143 0.6898252964019775 549
1748544891713 0.7949950098991394 599
1748544896933 0.9068050384521484 649
1748544902158 1.0246638059616089 699
1748544910670 1.1479476690292358 749
1748544915882 1.2760043144226074 799
1748544921080 1.4081562757492065 849
1748544929541 1.5437042713165283 899
1748544934734 1.6819310188293457 949
1748544939925 1.8221054077148438 999
1748544948452 1.9634854793548584 1049
1748544953639 2.105323314666748 1099
1748544958806 2.246868371963501 1149
1748544967325 2.3873720169067383 1199
1748544972502 2.526090383529663 1249
1748544980971 2.66228985786438 1299
1748544986180 2.7952494621276855 1349
1748544991391 2.9242660999298096 1399
1748544999841 3.048656940460205 1449
1748545005068 3.1677637100219727 1499
1748545010303 3.280956506729126 1549
1748545018844 3.3876359462738037 1599
1748545024047 3.4872381687164307 1649
1748545029275 3.579235792160034 1699
1748545037735 3.663141965866089 1749
1748545042938 3.7385129928588867 1799
1748545048144 3.804949998855591 1849
1748545056682 3.8621015548706055 1899
1748545061906 3.909665107727051 1949
1748545067115 3.9473891258239746 1999
1748545075559 3.97507381439209 2049
1748545080753 3.992572784423828 2099
1748545085960 3.999793529510498 2149
1748545094433 3.9993786811828613 2199
1748545099634 3.9968554973602295 2249
1748545104843 3.992394208908081 2299
1748545113307 3.9859988689422607 2349
1748545118502 3.977675676345825 2399
1748545127024 3.967432737350464 2449
1748545132236 3.955280303955078 2499
1748545137419 3.941229820251465 2549
1748545145905 3.925295114517212 2599
1748545151105 3.907491683959961 2649
1748545156311 3.8878366947174072 2699
1748545164906 3.866349458694458 2749
1748545170134 3.843050479888916 2799
1748545175379 3.817962884902954 2849
1748545183929 3.7911105155944824 2899
1748545189132 3.7625198364257812 2949
1748545194342 3.7322182655334473 2999
1748545202753 3.700235605239868 3049
1748545207961 3.666602611541748 3099
1748545213150 3.631352186203003 3149
1748545221685 3.5945186614990234 3199
1748545226895 3.5561373233795166 3249
1748545232085 3.5162460803985596 3299
1748545240639 3.4748830795288086 3349
1748545245846 3.432088851928711 3399
1748545251058 3.3879048824310303 3449
1748545259706 3.342374086380005 3499
1748545264920 3.2955408096313477 3549
1748545270026 3.247450351715088 3599
1748545278576 3.1981494426727295 3649
1748545283852 3.147686004638672 3699
1748545292398 3.096108913421631 3749
1748545297621 3.043468713760376 3799
1748545302858 2.9898159503936768 3849
1748545311344 2.9352030754089355 3899
1748545316578 2.879683256149292 3949
1748545321840 2.823310136795044 3999
1748545330387 2.7661385536193848 4049
1748545335580 2.708224058151245 4099
1748545340767 2.649622917175293 4149
1748545349324 2.5903918743133545 4199
1748545354567 2.5305888652801514 4249
1748545359819 2.470271587371826 4299
1748545368475 2.409498691558838 4349
1748545373737 2.3483293056488037 4399
1748545378986 2.28682279586792 4449
1748545387655 2.225039005279541 4499
1748545392886 2.1630377769470215 4549
1748545398137 2.100879430770874 4599
1748545406670 2.0386242866516113 4649
1748545411901 1.9763329029083252 4699
1748545417121 1.9140657186508179 4749
1748545425684 1.8518831729888916 4799
1748545430941 1.7898458242416382 4849
1748545439603 1.7280136346817017 4899
1748545444841 1.6664469242095947 4949
1748545450101 1.6052054166793823 4999
1748545458692 1.5443484783172607 5049
1748545463935 1.4839354753494263 5099
1748545469184 1.4240248203277588 5149
1748545477806 1.3646748065948486 5199
1748545483050 1.3059431314468384 5249
1748545488310 1.2478867769241333 5299
1748545496941 1.190562129020691 5349
1748545502197 1.1340248584747314 5399
1748545507442 1.0783299207687378 5449
1748545516182 1.023531436920166 5499
1748545521425 0.9696825742721558 5549
1748545526683 0.9168356657028198 5599
1748545535074 0.865041971206665 5649
1748545540305 0.8143519163131714 5699
1748545545591 0.7648146152496338 5749
1748545554194 0.7164782881736755 5799
1748545559433 0.6693897843360901 5849
1748545564676 0.6235948801040649 5899
1748545573222 0.5791381001472473 5949
1748545578467 0.5360625982284546 5999
1748545587303 0.4944101572036743 6049
1748545592545 0.45422127842903137 6099
1748545597790 0.41553500294685364 6149
1748545606490 0.378388911485672 6199
1748545611714 0.34281906485557556 6249
1748545616951 0.30886000394821167 6299
1748545625496 0.2765447199344635 6349
1748545630741 0.24590462446212769 6399
1748545635984 0.21696946024894714 6449
1748545644497 0.18976731598377228 6499
1748545649765 0.16432462632656097 6549
1748545655026 0.14066609740257263 6599
1748545663602 0.11881471425294876 6649
1748545668814 0.09879170358181 6699
1748545674050 0.08061650395393372 6749
1748545682753 0.06430677324533463 6799
1748545687996 0.049878355115652084 6849
1748545693237 0.03734526038169861 6899
1748545701804 0.02671966515481472 6949
1748545707051 0.01801188662648201 6999
1748545712293 0.01123038213700056 7049
1748545720723 0.006381740793585777 7099
1748545725941 0.003470670897513628 7149
1748545731144 0.0024999999441206455 7199
