1748544832352 2.3006701469421387 143
1748544850629 2.250962972640991 287
1748544870096 2.1093084812164307 431
1748544888375 1.4897544384002686 575
1748544906730 0.6663039922714233 719
1748544924976 0.43832913041114807 863
1748544943289 0.38398993015289307 1007
1748544961589 0.3345819413661957 1151
1748544979845 0.31181228160858154 1295
1748544998057 0.2944674789905548 1439
1748545016400 0.27550995349884033 1583
1748545034661 0.26032310724258423 1727
1748545052980 0.24997301399707794 1871
1748545071236 0.24051298201084137 2015
1748545089486 0.23051655292510986 2159
1748545107748 0.2267603576183319 2303
1748545125926 0.221228688955307 2447
1748545144218 0.21383370459079742 2591
1748545162561 0.2114381045103073 2735
1748545180999 0.2018413245677948 2879
1748545199321 0.19916605949401855 3023
1748545217582 0.1957964152097702 3167
1748545235789 0.19294635951519012 3311
1748545254340 0.19043822586536407 3455
1748545272550 0.1829432100057602 3599
1748545291048 0.1819435954093933 3743
1748545309383 0.17947886884212494 3887
1748545327765 0.17845575511455536 4031
1748545346021 0.17423728108406067 4175
1748545364593 0.17056404054164886 4319
1748545383073 0.16620901226997375 4463
1748545401583 0.16139747202396393 4607
1748545419885 0.1647133082151413 4751
1748545438369 0.15575136244297028 4895
1748545456820 0.15213479101657867 5039
1748545475360 0.14675413072109222 5183
1748545493798 0.14327169954776764 5327
1748545512373 0.13996678590774536 5471
1748545530848 0.12971003353595734 5615
1748545549217 0.12599261105060577 5759
1748545567654 0.11777079850435257 5903
1748545586180 0.11178059130907059 6047
1748545604755 0.10645243525505066 6191
1748545623289 0.09729593992233276 6335
1748545641630 0.09131863713264465 6479
1748545660053 0.08787618577480316 6623
1748545678561 0.08118908852338791 6767
1748545697025 0.07617398351430893 6911
1748545715443 0.07389979064464569 7055
1748545733699 0.07268641144037247 7199
