1748544832352 0.10057849436998367 143
1748544850629 0.10898293554782867 287
1748544870096 0.16257569193840027 431
1748544888375 0.42056405544281006 575
1748544906730 0.765450119972229 719
1748544924976 0.8543525338172913 863
1748544943289 0.8744146823883057 1007
1748544961589 0.8926358222961426 1151
1748544979845 0.8997324705123901 1295
1748544998057 0.90643709897995 1439
1748545016400 0.9130899906158447 1583
1748545034661 0.9188593029975891 1727
1748545052980 0.9213557243347168 1871
1748545071236 0.9249477386474609 2015
1748545089486 0.9278836846351624 2159
1748545107748 0.92896568775177 2303
1748545125926 0.9319820404052734 2447
1748545144218 0.9336502552032471 2591
1748545162561 0.9350523948669434 2735
1748545180999 0.9377317428588867 2879
1748545199321 0.9388597011566162 3023
1748545217582 0.9402989745140076 3167
1748545235789 0.9414658546447754 3311
1748545254340 0.9414118528366089 3455
1748545272550 0.9444110989570618 3599
1748545291048 0.9443084001541138 3743
1748545309383 0.9453726410865784 3887
1748545327765 0.9460296630859375 4031
1748545346021 0.946429967880249 4175
1748545364593 0.9474369287490845 4319
1748545383073 0.9499763250350952 4463
1748545401583 0.9509154558181763 4607
1748545419885 0.9502155780792236 4751
1748545438369 0.9516851902008057 4895
1748545456820 0.953414797782898 5039
1748545475360 0.9560494422912598 5183
1748545493798 0.9566829800605774 5327
1748545512373 0.9581224918365479 5471
1748545530848 0.961143970489502 5615
1748545549217 0.9617488384246826 5759
1748545567654 0.9642218351364136 5903
1748545586180 0.9650006294250488 6047
1748545604755 0.9671571254730225 6191
1748545623289 0.9713473320007324 6335
1748545641630 0.9727233052253723 6479
1748545660053 0.9738714694976807 6623
1748545678561 0.9758564233779907 6767
1748545697025 0.9769189357757568 6911
1748545715443 0.9780852794647217 7055
1748545733699 0.9782718420028687 7199
