1748544832352 0.17364893853664398 143
1748544850629 0.19636349380016327 287
1748544870096 0.25486984848976135 431
1748544888375 0.4888133704662323 575
1748544906730 0.7897538542747498 719
1748544924976 0.867753267288208 863
1748544943289 0.8853079080581665 1007
1748544961589 0.901715874671936 1151
1748544979845 0.9080361127853394 1295
1748544998057 0.9141924977302551 1439
1748545016400 0.9200212955474854 1583
1748545034661 0.9251675605773926 1727
1748545052980 0.9276246428489685 1871
1748545071236 0.9306004643440247 2015
1748545089486 0.9335899353027344 2159
1748545107748 0.9340540766716003 2303
1748545125926 0.9369343519210815 2447
1748545144218 0.9382721185684204 2591
1748545162561 0.93965083360672 2735
1748545180999 0.9423263072967529 2879
1748545199321 0.943131685256958 3023
1748545217582 0.9445376992225647 3167
1748545235789 0.9457526206970215 3311
1748545254340 0.9455751776695251 3455
1748545272550 0.9483326077461243 3599
1748545291048 0.9483599066734314 3743
1748545309383 0.9488922357559204 3887
1748545327765 0.9497385621070862 4031
1748545346021 0.9498751163482666 4175
1748545364593 0.9510217308998108 4319
1748545383073 0.9533696174621582 4463
1748545401583 0.9542160034179688 4607
1748545419885 0.953219473361969 4751
1748545438369 0.9551032781600952 4895
1748545456820 0.9566594362258911 5039
1748545475360 0.9589527249336243 5183
1748545493798 0.9594714641571045 5327
1748545512373 0.9611777663230896 5471
1748545530848 0.9636621475219727 5615
1748545549217 0.9641262888908386 5759
1748545567654 0.9666516780853271 5903
1748545586180 0.9671840071678162 6047
1748545604755 0.969299852848053 6191
1748545623289 0.9733677506446838 6335
1748545641630 0.9742413759231567 6479
1748545660053 0.9754699468612671 6623
1748545678561 0.9775038361549377 6767
1748545697025 0.9783775210380554 6911
1748545715443 0.9793193936347961 7055
1748545733699 0.9797152280807495 7199
