1748542781741 0.0 49
1748542786804 0.0 99
1748542790611 0.0 117
1748542790735 0.0 117
1748542794650 1.0 149
1748542799741 1.0 199
1748542804346 1.0 235
1748542804436 1.0 235
1748542806612 2.0 249
1748542811680 2.0 299
1748542816734 2.0 349
1748542818030 2.0 353
1748542818119 2.0 353
1748542823517 3.0 399
1748542828586 3.0 449
1748542831722 3.0 471
1748542831808 3.0 471
1748542835325 4.0 499
1748542840393 4.0 549
1748542845377 4.0 589
1748542845467 4.0 589
1748542847205 5.0 599
1748542852278 5.0 649
1748542857341 5.0 699
1748542859087 5.0 707
1748542859130 5.0 707
1748542864152 6.0 749
1748542869186 6.0 799
1748542872729 6.0 825
1748542872820 6.0 825
1748542876058 7.0 849
1748542881098 7.0 899
1748542886449 7.0 943
1748542886548 7.0 943
1748542888099 8.0 949
1748542893148 8.0 999
1748542898202 8.0 1049
1748542900360 8.0 1061
1748542900404 8.0 1061
1748542905031 9.0 1099
1748542910072 9.0 1149
1748542914024 9.0 1179
1748542914069 9.0 1179
1748542917020 10.0 1199
1748542922086 10.0 1249
1748542927923 10.0 1297
1748542927966 10.0 1297
1748542928695 11.0 1299
1748542933970 11.0 1349
1748542939013 11.0 1399
1748542941573 11.0 1415
1748542941616 11.0 1415
1748542945895 12.0 1449
1748542950953 12.0 1499
1748542955344 12.0 1533
1748542955436 12.0 1533
1748542957934 13.0 1549
1748542962976 13.0 1599
1748542968042 13.0 1649
1748542969198 13.0 1651
1748542969243 13.0 1651
1748542974775 14.0 1699
1748542979839 14.0 1749
1748542982773 14.0 1769
1748542982817 14.0 1769
1748542986590 15.0 1799
1748542991648 15.0 1849
1748542996475 15.0 1887
1748542996519 15.0 1887
1748542998514 16.0 1899
1748543003570 16.0 1949
1748543008633 16.0 1999
1748543010191 16.0 2005
1748543010281 16.0 2005
1748543015493 17.0 2049
1748543020535 17.0 2099
1748543023898 17.0 2123
1748543023945 17.0 2123
1748543027260 18.0 2149
1748543032312 18.0 2199
1748543037525 18.0 2241
1748543037568 18.0 2241
1748543039056 19.0 2249
1748543044128 19.0 2299
1748543049194 19.0 2349
1748543051130 19.0 2359
1748543051173 19.0 2359
1748543055980 20.0 2399
1748543061040 20.0 2449
1748543064812 20.0 2477
1748543064855 20.0 2477
1748543067731 21.0 2499
1748543072809 21.0 2549
1748543078385 21.0 2595
1748543078428 21.0 2595
1748543079472 22.0 2599
1748543084539 22.0 2649
1748543089590 22.0 2699
1748543091913 22.0 2713
1748543091957 22.0 2713
1748543096349 23.0 2749
1748543101424 23.0 2799
1748543105609 23.0 2831
1748543105653 23.0 2831
1748543108049 24.0 2849
1748543113122 24.0 2899
1748543118115 24.0 2949
1748543119074 24.0 2949
1748543119118 24.0 2949
1748543124911 25.0 2999
1748543129966 25.0 3049
1748543132725 25.0 3067
1748543132767 25.0 3067
1748543136736 26.0 3099
1748543141791 26.0 3149
1748543146371 26.0 3185
1748543146459 26.0 3185
1748543148605 27.0 3199
1748543153699 27.0 3249
1748543158760 27.0 3299
1748543160018 27.0 3303
1748543160062 27.0 3303
1748543165633 28.0 3349
1748543170669 28.0 3399
1748543173829 28.0 3421
1748543173874 28.0 3421
1748543177389 29.0 3449
1748543182434 29.0 3499
1748543187423 29.0 3539
1748543187467 29.0 3539
1748543189269 30.0 3549
1748543349996 30.0 3599
1748543355060 30.0 3649
1748543356803 30.0 3657
1748543356847 30.0 3657
1748543361837 31.0 3699
1748543366888 31.0 3749
1748543370416 31.0 3775
1748543370462 31.0 3775
1748543373571 32.0 3799
1748543378646 32.0 3849
1748543384062 32.0 3893
1748543384109 32.0 3893
1748543385386 33.0 3899
1748543390480 33.0 3949
1748543395542 33.0 3999
1748543397601 33.0 4011
1748543397647 33.0 4011
1748543402186 34.0 4049
1748543407250 34.0 4099
1748543411178 34.0 4129
1748543411286 34.0 4129
1748543414059 35.0 4149
1748543419122 35.0 4199
1748543424904 35.0 4247
1748543424948 35.0 4247
1748543425875 36.0 4249
1748543431018 36.0 4299
1748543436103 36.0 4349
1748543438714 36.0 4365
1748543438811 36.0 4365
1748543443162 37.0 4399
1748543448200 37.0 4449
1748543452618 37.0 4483
1748543452664 37.0 4483
1748543455122 38.0 4499
1748543460180 38.0 4549
1748543465262 38.0 4599
1748543466417 38.0 4601
1748543466509 38.0 4601
1748543472097 39.0 4649
1748543477148 39.0 4699
1748543480099 39.0 4719
1748543480191 39.0 4719
1748543483875 40.0 4749
1748543488937 40.0 4799
1748543493739 40.0 4837
1748543493785 40.0 4837
1748543495755 41.0 4849
1748543500825 41.0 4899
1748543505886 41.0 4949
1748543507444 41.0 4955
1748543507489 41.0 4955
1748543512575 42.0 4999
1748543517626 42.0 5049
1748543521012 42.0 5073
1748543521058 42.0 5073
1748543524463 43.0 5099
1748543529537 43.0 5149
1748543534703 43.0 5191
1748543534749 43.0 5191
1748543536266 44.0 5199
1748543541339 44.0 5249
1748543546392 44.0 5299
1748543548307 44.0 5309
1748543548352 44.0 5309
1748543553147 45.0 5349
1748543558201 45.0 5399
1748543561952 45.0 5427
1748543562048 45.0 5427
1748543565084 46.0 5449
1748543570146 46.0 5499
1748543575789 46.0 5545
1748543575836 46.0 5545
1748543576977 47.0 5549
1748543582084 47.0 5599
1748543587156 47.0 5649
1748543589569 47.0 5663
1748543589663 47.0 5663
1748543594044 48.0 5699
1748543599084 48.0 5749
1748543603297 48.0 5781
1748543603344 48.0 5781
1748543605879 49.0 5799
1748543610933 49.0 5849
1748543615939 49.0 5899
1748543616936 49.0 5899
1748543616981 49.0 5899
