1748542781741 0.10737847536802292 49
1748542786804 0.13006076216697693 99
1748542794650 0.16787122189998627 149
1748542799741 0.22051191329956055 199
1748542806612 0.287568062543869 249
1748542811680 0.36851128935813904 299
1748542816734 0.46270379424095154 349
1748542823517 0.5694034099578857 399
1748542828586 0.6877694129943848 449
1748542835325 0.8168690800666809 499
1748542840393 0.9556851983070374 549
1748542847205 1.1031240224838257 599
1748542852278 1.258023738861084 649
1748542857341 1.4191638231277466 699
1748542864152 1.585274577140808 749
1748542869186 1.755047082901001 799
1748542876058 1.9271436929702759 849
1748542881098 2.1002085208892822 899
1748542888099 2.2728774547576904 949
1748542893148 2.4437904357910156 999
1748542898202 2.611600399017334 1049
1748542905031 2.7749853134155273 1099
1748542910072 2.9326577186584473 1149
1748542917020 3.0833752155303955 1199
1748542922086 3.225950241088867 1249
1748542928695 3.3592593669891357 1299
1748542933970 3.4822521209716797 1349
1748542939013 3.593959331512451 1399
1748542945895 3.6935012340545654 1449
1748542950953 3.78009295463562 1499
1748542957934 3.8530523777008057 1549
1748542962976 3.911804676055908 1599
1748542968042 3.9558870792388916 1649
1748542974775 3.9849517345428467 1699
1748542979839 3.998770236968994 1749
1748542986590 3.9994795322418213 1799
1748542991648 3.996300220489502 1849
1748542998514 3.9902353286743164 1899
1748543003570 3.9812934398651123 1949
1748543008633 3.9694876670837402 1999
1748543015493 3.9548349380493164 2049
1748543020535 3.93735671043396 2099
1748543027260 3.9170780181884766 2149
1748543032312 3.894028425216675 2199
1748543039056 3.86824107170105 2249
1748543044128 3.8397531509399414 2299
1748543049194 3.8086061477661133 2349
1748543055980 3.7748448848724365 2399
1748543061040 3.738518476486206 2449
1748543067731 3.699679136276245 2499
1748543072809 3.658383369445801 2549
1748543079472 3.6146905422210693 2599
1748543084539 3.568664073944092 2649
1748543089590 3.5203707218170166 2699
1748543096349 3.4698798656463623 2749
1748543101424 3.417264938354492 2799
1748543108049 3.3626017570495605 2849
1748543113122 3.305969476699829 2899
1748543118115 3.247450351715088 2949
1748543124911 3.1871285438537598 2999
1748543129966 3.125091314315796 3049
1748543136736 3.0614287853240967 3099
1748543141791 2.996232748031616 3149
1748543148605 2.9295976161956787 3199
1748543153699 2.861619710922241 3249
1748543158760 2.7923972606658936 3299
1748543165633 2.7220306396484375 3349
1748543170669 2.6506214141845703 3399
1748543177389 2.578273057937622 3449
1748543182434 2.5050899982452393 3499
1748543189269 2.431178092956543 3549
1748543349996 2.356644630432129 3599
1748543355060 2.2815968990325928 3649
1748543361837 2.206143617630005 3699
1748543366888 2.130394220352173 3749
1748543373571 2.054457664489746 3799
1748543378646 1.9784444570541382 3849
1748543385386 1.9024641513824463 3899
1748543390480 1.8266267776489258 3949
1748543395542 1.7510418891906738 3999
1748543402186 1.675818920135498 4049
1748543407250 1.6010667085647583 4099
1748543414059 1.5268932580947876 4149
1748543419122 1.4534059762954712 4199
1748543425875 1.3807110786437988 4249
1748543431018 1.3089137077331543 4299
1748543436103 1.2381176948547363 4349
1748543443162 1.168425440788269 4399
1748543448200 1.099937915802002 4449
1748543455122 1.0327539443969727 4499
1748543460180 0.9669708609580994 4549
1748543465262 0.902683675289154 4599
1748543472097 0.8399855494499207 4649
1748543477148 0.778967022895813 4699
1748543483875 0.7197163701057434 4749
1748543488937 0.6623193621635437 4799
1748543495755 0.6068589687347412 4849
1748543500825 0.5534154772758484 4899
1748543505886 0.5020660758018494 4949
1748543512575 0.45288506150245667 4999
1748543517626 0.4059436321258545 5049
1748543524463 0.36130961775779724 5099
1748543529537 0.31904762983322144 5149
1748543536266 0.27921879291534424 5199
1748543541339 0.2418806552886963 5249
1748543546392 0.20708729326725006 5299
1748543553147 0.1748889833688736 5349
1748543558201 0.14533232152462006 5399
1748543565084 0.11846005171537399 5449
1748543570146 0.09431104362010956 5499
1748543576977 0.07292022556066513 5549
1748543582084 0.05431853234767914 5599
1748543587156 0.03853287547826767 5649
1748543594044 0.02558608539402485 5699
1748543599084 0.015496889129281044 5749
1748543605879 0.00827987864613533 5799
1748543610933 0.003945492208003998 5849
1748543615939 0.0024999999441206455 5899
