1749029739034 0.0 9
1749029739662 0.0 9
1749029742292 1.0 19
1749029742317 1.0 19
1749029744977 2.0 29
1749029745012 2.0 29
1749029747708 3.0 39
1749029747735 3.0 39
1749029749172 4.0 49
1749029750280 4.0 49
1749029750352 4.0 49
1749029753009 5.0 59
1749029753087 5.0 59
1749029755673 6.0 69
1749029755747 6.0 69
1749029758374 7.0 79
1749029758451 7.0 79
1749029761172 8.0 89
1749029761249 8.0 89
1749029762652 9.0 99
1749029763792 9.0 99
1749029763817 9.0 99
1749029766396 10.0 109
1749029766423 10.0 109
1749029769113 11.0 119
1749029769141 11.0 119
1749029771763 12.0 129
1749029771790 12.0 129
1749029774407 13.0 139
1749029774433 13.0 139
1749029775847 14.0 149
1749029777115 14.0 149
1749029777142 14.0 149
1749029779778 15.0 159
1749029779803 15.0 159
1749029782415 16.0 169
1749029782441 16.0 169
1749029785009 17.0 179
1749029785035 17.0 179
1749029787534 18.0 189
1749029787560 18.0 189
1749029789000 19.0 199
1749029790120 19.0 199
1749029790188 19.0 199
1749029792744 20.0 209
1749029792770 20.0 209
1749029795429 21.0 219
1749029795454 21.0 219
1749029798091 22.0 229
1749029798169 22.0 229
1749029800737 23.0 239
1749029800763 23.0 239
1749029802218 24.0 249
1749029803363 24.0 249
1749029803442 24.0 249
1749029805982 25.0 259
1749029806009 25.0 259
1749029808566 26.0 269
1749029808637 26.0 269
1749029811321 27.0 279
1749029811347 27.0 279
1749029813919 28.0 289
1749029813946 28.0 289
1749029815293 29.0 299
1749029816499 29.0 299
1749029816570 29.0 299
1749029819171 30.0 309
1749029819241 30.0 309
1749029821884 31.0 319
1749029821959 31.0 319
1749029824549 32.0 329
1749029824626 32.0 329
1749029827169 33.0 339
1749029827240 33.0 339
1749029828655 34.0 349
1749029829835 34.0 349
1749029829860 34.0 349
1749029832447 35.0 359
1749029832473 35.0 359
1749029835070 36.0 369
1749029835096 36.0 369
1749029837709 37.0 379
1749029837735 37.0 379
1749029840262 38.0 389
1749029840289 38.0 389
1749029841634 39.0 399
1749029842805 39.0 399
1749029842831 39.0 399
1749029845432 40.0 409
1749029845458 40.0 409
1749029847989 41.0 419
1749029848014 41.0 419
1749029850538 42.0 429
1749029850564 42.0 429
1749029853138 43.0 439
1749029853213 43.0 439
1749029854657 44.0 449
1749029855792 44.0 449
1749029855863 44.0 449
1749029858400 45.0 459
1749029858426 45.0 459
1749029861087 46.0 469
1749029861113 46.0 469
1749029863738 47.0 479
1749029863764 47.0 479
1749029866349 48.0 489
1749029866375 48.0 489
1749029867817 49.0 499
1749029869016 49.0 499
1749029869042 49.0 499
