1749029739662 0.186323344707489 9
1749029742317 0.25073373317718506 19
1749029745012 0.23312360048294067 29
1749029747735 0.18665051460266113 39
1749029750352 0.20440033078193665 49
1749029753087 0.2162894308567047 59
1749029755747 0.26030316948890686 69
1749029758451 0.28026729822158813 79
1749029761249 0.28989243507385254 89
1749029763817 0.29389670491218567 99
1749029766423 0.30137211084365845 109
1749029769141 0.2909344732761383 119
1749029771790 0.30032116174697876 129
1749029774433 0.3069917857646942 139
1749029777142 0.29831284284591675 149
1749029779803 0.30584269762039185 159
1749029782441 0.3330599367618561 169
1749029785035 0.31105339527130127 179
1749029787560 0.3402339816093445 189
1749029790188 0.355655312538147 199
1749029792770 0.3622932434082031 209
1749029795454 0.3779539167881012 219
1749029798169 0.39003416895866394 229
1749029800763 0.36896616220474243 239
1749029803442 0.39803677797317505 249
1749029806009 0.3994975686073303 259
1749029808637 0.4174746870994568 269
1749029811347 0.41732367873191833 279
1749029813946 0.44077450037002563 289
1749029816570 0.4568633735179901 299
1749029819241 0.4732889235019684 309
1749029821959 0.4747966527938843 319
1749029824626 0.4838827848434448 329
1749029827240 0.5008192658424377 339
1749029829860 0.5163111686706543 349
1749029832473 0.5090992450714111 359
1749029835096 0.5208892822265625 369
1749029837735 0.5304354429244995 379
1749029840289 0.5313485264778137 389
1749029842831 0.5359430313110352 399
1749029845458 0.5430169105529785 409
1749029848014 0.5478824377059937 419
1749029850564 0.5502530932426453 429
1749029853213 0.5699342489242554 439
1749029855863 0.5751804709434509 449
1749029858426 0.57890784740448 459
1749029861113 0.5824761390686035 469
1749029863764 0.5865952968597412 479
1749029866375 0.5882301330566406 489
1749029869042 0.5880330204963684 499
