1749029739662 0.20020000636577606 9
1749029742317 0.25940001010894775 19
1749029745012 0.24160000681877136 29
1749029747735 0.20340000092983246 39
1749029750352 0.2231999933719635 49
1749029753087 0.23180000483989716 59
1749029755747 0.2703999876976013 69
1749029758451 0.28780001401901245 79
1749029761249 0.3019999861717224 89
1749029763817 0.30300000309944153 99
1749029766423 0.30979999899864197 109
1749029769141 0.30000001192092896 119
1749029771790 0.3061999976634979 129
1749029774433 0.31520000100135803 139
1749029777142 0.3068000078201294 149
1749029779803 0.31700000166893005 159
1749029782441 0.3418000042438507 169
1749029785035 0.31940001249313354 179
1749029787560 0.3492000102996826 189
1749029790188 0.36340001225471497 199
1749029792770 0.36899998784065247 209
1749029795454 0.38440001010894775 219
1749029798169 0.39579999446868896 229
1749029800763 0.37779998779296875 239
1749029803442 0.4043999910354614 249
1749029806009 0.40639999508857727 259
1749029808637 0.42579999566078186 269
1749029811347 0.42660000920295715 279
1749029813946 0.44780001044273376 289
1749029816570 0.4636000096797943 299
1749029819241 0.4787999987602234 309
1749029821959 0.48179998993873596 319
1749029824626 0.4887999892234802 329
1749029827240 0.5059999823570251 339
1749029829860 0.5203999876976013 349
1749029832473 0.5130000114440918 359
1749029835096 0.5248000025749207 369
1749029837735 0.5333999991416931 379
1749029840289 0.5350000262260437 389
1749029842831 0.5396000146865845 399
1749029845458 0.5461999773979187 409
1749029848014 0.5504000186920166 419
1749029850564 0.5519999861717224 429
1749029853213 0.5720000267028809 439
1749029855863 0.5806000232696533 449
1749029858426 0.5799999833106995 459
1749029861113 0.5856000185012817 469
1749029863764 0.5898000001907349 479
1749029866375 0.5906000137329102 489
1749029869042 0.5899999737739563 499
