1749029739662 0.67666095495224 9
1749029742317 0.7597895264625549 19
1749029745012 0.7436365485191345 29
1749029747735 0.6699168086051941 39
1749029750352 0.7072538733482361 49
1749029753087 0.7533330917358398 59
1749029755747 0.7818902730941772 69
1749029758451 0.7964367270469666 79
1749029761249 0.8052644729614258 89
1749029763817 0.8021664023399353 99
1749029766423 0.8123500943183899 109
1749029769141 0.8065640330314636 119
1749029771790 0.8093213438987732 129
1749029774433 0.8130112886428833 139
1749029777142 0.8106499910354614 149
1749029779803 0.814430832862854 159
1749029782441 0.8272735476493835 169
1749029785035 0.8200955390930176 179
1749029787560 0.8312131762504578 189
1749029790188 0.8358146548271179 199
1749029792770 0.8414880633354187 209
1749029795454 0.8458351492881775 219
1749029798169 0.8493245244026184 229
1749029800763 0.8462613224983215 239
1749029803442 0.8528593182563782 249
1749029806009 0.850841224193573 259
1749029808637 0.8619169592857361 269
1749029811347 0.8665897250175476 279
1749029813946 0.8697447180747986 289
1749029816570 0.8775148391723633 299
1749029819241 0.8813449144363403 309
1749029821959 0.8870283961296082 319
1749029824626 0.8888667225837708 329
1749029827240 0.8956584930419922 339
1749029829860 0.8985689282417297 349
1749029832473 0.9004021883010864 359
1749029835096 0.9026903510093689 369
1749029837735 0.9049723744392395 379
1749029840289 0.9059051871299744 389
1749029842831 0.9087287783622742 399
1749029845458 0.9101178050041199 409
1749029848014 0.9107118844985962 419
1749029850564 0.91436368227005 429
1749029853213 0.9212989211082458 439
1749029855863 0.9238861203193665 449
1749029858426 0.9240264296531677 459
1749029861113 0.9237619638442993 469
1749029863764 0.9252939224243164 479
1749029866375 0.9257273077964783 489
1749029869042 0.9256624579429626 499
