1749029739662 2.1101319789886475 9
1749029742317 1.9087584018707275 19
1749029745012 2.115917205810547 29
1749029747735 2.7062201499938965 39
1749029750352 2.2227988243103027 49
1749029753087 1.9100971221923828 59
1749029755747 1.8229389190673828 69
1749029758451 1.7618286609649658 79
1749029761249 1.709657073020935 89
1749029763817 1.7158664464950562 99
1749029766423 1.6825326681137085 109
1749029769141 1.7112244367599487 119
1749029771790 1.6931742429733276 129
1749029774433 1.6825505495071411 139
1749029777142 1.7108222246170044 149
1749029779803 1.6840342283248901 159
1749029782441 1.629578709602356 169
1749029785035 1.6640570163726807 179
1749029787560 1.6066597700119019 189
1749029790188 1.5944374799728394 199
1749029792770 1.5696592330932617 209
1749029795454 1.551396131515503 219
1749029798169 1.5394898653030396 229
1749029800763 1.5525776147842407 239
1749029803442 1.5225573778152466 249
1749029806009 1.5214825868606567 259
1749029808637 1.474497675895691 269
1749029811347 1.4520158767700195 279
1749029813946 1.4359092712402344 289
1749029816570 1.3936290740966797 299
1749029819241 1.374118685722351 309
1749029821959 1.3411786556243896 319
1749029824626 1.3349546194076538 329
1749029827240 1.2979226112365723 339
1749029829860 1.275687336921692 349
1749029832473 1.2650283575057983 359
1749029835096 1.2490172386169434 369
1749029837735 1.2360118627548218 379
1749029840289 1.2239598035812378 389
1749029842831 1.2031755447387695 399
1749029845458 1.192594289779663 409
1749029848014 1.189192533493042 419
1749029850564 1.1702314615249634 429
1749029853213 1.126521110534668 439
1749029855863 1.1099597215652466 449
1749029858426 1.106651782989502 459
1749029861113 1.1035152673721313 469
1749029863764 1.0925625562667847 479
1749029866375 1.086350917816162 489
1749029869042 1.0884661674499512 499
