1749029739662 0.18471506237983704 9
1749029742317 0.2514164447784424 19
1749029745012 0.24360236525535583 29
1749029747735 0.20420746505260468 39
1749029750352 0.22466129064559937 49
1749029753087 0.2157599776983261 59
1749029755747 0.2633005380630493 69
1749029758451 0.2829732894897461 79
1749029761249 0.29907143115997314 89
1749029763817 0.2993655204772949 99
1749029766423 0.3032478094100952 109
1749029769141 0.29976117610931396 119
1749029771790 0.300873339176178 129
1749029774433 0.3093498945236206 139
1749029777142 0.3033682107925415 149
1749029779803 0.31577974557876587 159
1749029782441 0.3357400894165039 169
1749029785035 0.31283965706825256 179
1749029787560 0.3462468981742859 189
1749029790188 0.35681650042533875 199
1749029792770 0.3677944839000702 209
1749029795454 0.3810402452945709 219
1749029798169 0.3953099846839905 229
1749029800763 0.37345775961875916 239
1749029803442 0.3980271816253662 249
1749029806009 0.4043407738208771 259
1749029808637 0.418404221534729 269
1749029811347 0.42190662026405334 279
1749029813946 0.43984556198120117 289
1749029816570 0.4564874768257141 299
1749029819241 0.4739227890968323 309
1749029821959 0.47596922516822815 319
1749029824626 0.48306161165237427 329
1749029827240 0.49998193979263306 339
1749029829860 0.5155797600746155 349
1749029832473 0.5086819529533386 359
1749029835096 0.5197725892066956 369
1749029837735 0.5306004881858826 379
1749029840289 0.5299981236457825 389
1749029842831 0.5342454314231873 399
1749029845458 0.5417205095291138 409
1749029848014 0.5488039255142212 419
1749029850564 0.5540940761566162 429
1749029853213 0.5702681541442871 439
1749029855863 0.5776508450508118 449
1749029858426 0.5796701312065125 459
1749029861113 0.5813950896263123 469
1749029863764 0.5864017009735107 479
1749029866375 0.5887231230735779 489
1749029869042 0.5877014398574829 499
