1748536805802 0.0 49
1748537032534 0.0 97
1748537039816 0.0 97
1748537060680 1.0 99
1748537226100 1.0 149
1748537435416 1.0 195
1748537440351 1.0 195
1748537453302 2.0 199
1748537601384 2.0 249
1748537804178 2.0 293
1748537808217 2.0 293
1748537826899 3.0 299
1748537975676 3.0 349
1748538121809 3.0 391
1748538125568 3.0 391
1748538150556 4.0 399
1748538305750 4.0 449
1748538473628 4.0 489
1748538477660 4.0 489
1748538510629 5.0 499
1748538687019 5.0 549
1748538868725 5.0 587
1748538872987 5.0 587
1748538915998 6.0 599
1748539086140 6.0 649
1748539274094 6.0 685
1748539278087 6.0 685
1748539350335 7.0 699
1748539547026 7.0 749
1748539704361 7.0 783
1748539708272 7.0 783
1748539759767 8.0 799
1748539916292 8.0 849
1748540034787 8.0 881
1748540038787 8.0 881
1748540095874 9.0 899
1748540255623 9.0 949
1748540369174 9.0 979
1748540373500 9.0 979
1748540438322 10.0 999
1748540598198 10.0 1049
1748540703747 10.0 1077
1748540707925 10.0 1077
1748540776925 11.0 1099
1748540935172 11.0 1149
1748541034823 11.0 1175
1748541039096 11.0 1175
1748541116006 12.0 1199
1748541274145 12.0 1249
1748541366918 12.0 1273
1748541370717 12.0 1273
1748541454419 13.0 1299
1748541611573 13.0 1349
1748541699096 13.0 1371
1748541703368 13.0 1371
1748541793338 14.0 1399
1748541948159 14.0 1449
1748542028091 14.0 1469
1748542032269 14.0 1469
1748542128111 15.0 1499
1748542293229 15.0 1549
1748542372438 15.0 1567
1748542376242 15.0 1567
1748542482703 16.0 1599
1748542643069 16.0 1649
1748542712026 16.0 1665
1748542716222 16.0 1665
1748542823784 17.0 1699
1748542979917 17.0 1749
1748543042777 17.0 1763
1748543047183 17.0 1763
1748543161148 18.0 1799
1748543361901 18.0 1849
1748543434966 18.0 1861
1748543438599 18.0 1861
1748543560079 19.0 1899
1748543722497 19.0 1949
1748543793138 19.0 1959
1748543797556 19.0 1959
1748543938528 20.0 1999
1748544100765 20.0 2049
1748544149884 20.0 2057
1748544153732 20.0 2057
1748544296145 21.0 2099
1748544457781 21.0 2149
1748544508601 21.0 2155
1748544512023 21.0 2155
1748544716451 22.0 2199
1748544994177 22.0 2249
1748545083458 22.0 2253
1748545087286 22.0 2253
1748545323238 23.0 2299
1748545552894 23.0 2349
1748545624795 23.0 2351
1748545628815 23.0 2351
1748545851310 24.0 2399
1748546072094 24.0 2449
1748546104551 24.0 2449
1748546108356 24.0 2449
1748546292579 25.0 2499
1748546477218 25.0 2547
1748546481589 25.0 2547
1748546488833 26.0 2549
1748546678170 26.0 2599
1748546860417 26.0 2645
1748546864085 26.0 2645
1748546877626 27.0 2649
1748547026129 27.0 2699
1748547176217 27.0 2743
1748547179508 27.0 2743
1748547199168 28.0 2749
1748547354284 28.0 2799
1748547507305 28.0 2841
1748547511054 28.0 2841
1748547537609 29.0 2849
1748547693713 29.0 2899
1748547839544 29.0 2939
1748547843456 29.0 2939
1748547876865 30.0 2949
1748548034960 30.0 2999
1748548173735 30.0 3037
1748548177853 30.0 3037
1748548217414 31.0 3049
1748548378256 31.0 3099
1748548520936 31.0 3135
1748548524540 31.0 3135
1748548573050 32.0 3149
1748548741213 32.0 3199
1748548884733 32.0 3233
1748548889062 32.0 3233
1748548956193 33.0 3249
1748549169830 33.0 3299
1748549328179 33.0 3331
1748549331606 33.0 3331
1748549391608 34.0 3349
1748549578561 34.0 3399
1748549717850 34.0 3429
1748549721609 34.0 3429
1748549800263 35.0 3449
1748550008765 35.0 3499
1748550241135 35.0 3527
1748550244911 35.0 3527
1748550380107 36.0 3549
1748550650867 36.0 3599
1748550877340 36.0 3625
1748550891078 36.0 3625
1748551008935 37.0 3649
1748551204967 37.0 3699
1748551354436 37.0 3723
1748551358419 37.0 3723
1748551469455 38.0 3749
1748551698929 38.0 3799
1748551856600 38.0 3821
1748551860554 38.0 3821
1748551973080 39.0 3849
1748552203450 39.0 3899
1748552364933 39.0 3919
1748552369298 39.0 3919
1748553512705 40.0 3949
1748554430451 40.0 3999
1748554581476 40.0 4017
1748554585223 40.0 4017
1748554689153 41.0 4049
1748554839151 41.0 4099
1748554919464 41.0 4115
1748554923223 41.0 4115
1748555070967 42.0 4149
1748555289267 42.0 4199
1748555394232 42.0 4213
1748555397666 42.0 4213
1748555541213 43.0 4249
1748557847096 43.0 4299
1748557942299 43.0 4311
1748557945841 43.0 4311
1748558675354 44.0 4349
1748565842492 44.0 4399
1748575564525 44.0 4409
1748576511106 44.0 4409
1748584925456 45.0 4449
1748585979488 45.0 4499
1748586033417 45.0 4507
1748586037049 45.0 4507
1748586162787 46.0 4549
1748586309948 46.0 4599
1748586346038 46.0 4605
1748586349683 46.0 4605
1748586482343 47.0 4649
1748586632107 47.0 4699
1748586661141 47.0 4703
1748586665232 47.0 4703
1748586805838 48.0 4749
1748586954353 48.0 4799
1748586976529 48.0 4801
1748586980300 48.0 4801
1748587124677 49.0 4849
1748587270624 49.0 4899
1748587288179 49.0 4899
1748587292235 49.0 4899
