1748536805802 0.10118842869997025 49
1748537060680 0.10484969615936279 99
1748537226100 0.11097965389490128 149
1748537453302 0.1195705309510231 199
1748537601384 0.13061140477657318 249
1748537826899 0.1440882831811905 299
1748537975676 0.1599840521812439 349
1748538150556 0.17827853560447693 399
1748538305750 0.19894851744174957 449
1748538510629 0.22196777164936066 499
1748538687019 0.24730706214904785 549
1748538915998 0.2749342620372772 599
1748539086140 0.30481427907943726 649
1748539350335 0.3369092047214508 699
1748539547026 0.3711782991886139 749
1748539759767 0.40757808089256287 799
1748539916292 0.4460623562335968 849
1748540095874 0.4865822494029999 899
1748540255623 0.5290863513946533 949
1748540438322 0.5735207200050354 999
1748540598198 0.619828999042511 1049
1748540776925 0.6679523587226868 1099
1748540935172 0.7178297638893127 1149
1748541116006 0.7693979144096375 1199
1748541274145 0.8225913047790527 1249
1748541454419 0.8773424625396729 1299
1748541611573 0.9335818886756897 1349
1748541793338 0.9912382364273071 1399
1748541948159 1.0502383708953857 1449
1748542128111 1.1105072498321533 1499
1748542293229 1.1719685792922974 1549
1748542482703 1.234544277191162 1599
1748542643069 1.2981548309326172 1649
1748542823784 1.3627195358276367 1699
1748542979917 1.4281566143035889 1749
1748543161148 1.4943828582763672 1799
1748543361901 1.561314344406128 1849
1748543560079 1.6288659572601318 1899
1748543722497 1.6969521045684814 1949
1748543938528 1.7654863595962524 1999
1748544100765 1.8343815803527832 2049
1748544296145 1.9035505056381226 2099
1748544457781 1.9729053974151611 2149
1748544716451 2.042357921600342 2199
1748544994177 2.1118204593658447 2249
1748545323238 2.181204319000244 2299
1748545552894 2.2504217624664307 2349
1748545851310 2.3193845748901367 2399
1748546072094 2.3880057334899902 2449
1748546292579 2.45619797706604 2499
1748546488833 2.523874521255493 2549
1748546678170 2.590949773788452 2599
1748546877626 2.6573383808135986 2649
1748547026129 2.7229561805725098 2699
1748547199168 2.787719964981079 2749
1748547354284 2.8515474796295166 2799
1748547537609 2.9143576622009277 2849
1748547693713 2.9760708808898926 2899
1748547876865 3.0366086959838867 2949
1748548034960 3.0958943367004395 2999
1748548217414 3.153852701187134 3049
1748548378256 3.2104101181030273 3099
1748548573050 3.2654948234558105 3149
1748548741213 3.3190367221832275 3199
1748548956193 3.3709681034088135 3249
1748549169830 3.4212229251861572 3299
1748549391608 3.4697375297546387 3349
1748549578561 3.5164501667022705 3399
1748549800263 3.5613017082214355 3449
1748550008765 3.6042351722717285 3499
1748550380107 3.6451961994171143 3549
1748550650867 3.6841325759887695 3599
1748551008935 3.7209949493408203 3649
1748551204967 3.7557365894317627 3699
1748551469455 3.788313388824463 3749
1748551698929 3.8186841011047363 3799
1748551973080 3.8468101024627686 3849
1748552203450 3.8726556301116943 3899
1748553512705 3.8961877822875977 3949
1748554430451 3.91737699508667 3999
1748554689153 3.9361963272094727 4049
1748554839151 3.9526214599609375 4099
1748555070967 3.966632127761841 4149
1748555289267 3.978210210800171 4199
1748555541213 3.9873411655426025 4249
1748557847096 3.9940133094787598 4299
1748558675354 3.998218297958374 4349
1748565842492 3.999950408935547 4399
1748584925456 3.9998509883880615 4449
1748585979488 3.9992454051971436 4499
1748586162787 3.9981744289398193 4549
1748586309948 3.996638059616089 4599
1748586482343 3.9946367740631104 4649
1748586632107 3.992171049118042 4699
1748586805838 3.989241123199463 4749
1748586954353 3.9858481884002686 4799
1748587124677 3.981992721557617 4849
1748587270624 3.977675676345825 4899
