1748537039816 0.044633347541093826 97
1748537440351 0.07888568937778473 195
1748537808217 0.10292328894138336 293
1748538125568 0.13233518600463867 391
1748538477660 0.16389808058738708 489
1748538872987 0.19097253680229187 587
1748539278087 0.21892136335372925 685
1748539708272 0.2437448799610138 783
1748540038787 0.26914092898368835 881
1748540373500 0.2930166721343994 979
1748540707925 0.3151383101940155 1077
1748541039096 0.34069329500198364 1175
1748541370717 0.35904139280319214 1273
1748541703368 0.37837234139442444 1371
1748542032269 0.3934040069580078 1469
1748542376242 0.4097751975059509 1567
1748542716222 0.4230910539627075 1665
1748543047183 0.4391845166683197 1763
1748543438599 0.44717198610305786 1861
1748543797556 0.4626656174659729 1959
1748544153732 0.4727542996406555 2057
1748544512023 0.4853808879852295 2155
1748545087286 0.4917222559452057 2253
1748545628815 0.4993487298488617 2351
1748546108356 0.5093677043914795 2449
1748546481589 0.5166573524475098 2547
1748546864085 0.5234497785568237 2645
1748547179508 0.5319768190383911 2743
1748547511054 0.5357654094696045 2841
1748547843456 0.5438936352729797 2939
1748548177853 0.5481525659561157 3037
1748548524540 0.5554478764533997 3135
1748548889062 0.5582422018051147 3233
1748549331606 0.5627637505531311 3331
1748549721609 0.5670620203018188 3429
1748550244911 0.5740679502487183 3527
1748550891078 0.5786263942718506 3625
1748551358419 0.5827269554138184 3723
1748551860554 0.5822776556015015 3821
1748552369298 0.5891206860542297 3919
1748554585223 0.5925037860870361 4017
1748554923223 0.5994569659233093 4115
1748555397666 0.6032699346542358 4213
1748557945841 0.6053391695022583 4311
1748576511106 0.6096805334091187 4409
1748586037049 0.6132074594497681 4507
1748586349683 0.6118874549865723 4605
1748586665232 0.6165321469306946 4703
1748586980300 0.6181957721710205 4801
1748587292235 0.6207311153411865 4899
