1748537039816 4.227147579193115 97
1748537440351 3.9052059650421143 195
1748537808217 3.7259316444396973 293
1748538125568 3.5632691383361816 391
1748538477660 3.3977887630462646 489
1748538872987 3.2373361587524414 587
1748539278087 3.1038341522216797 685
1748539708272 2.973318338394165 783
1748540038787 2.8605406284332275 881
1748540373500 2.7267417907714844 979
1748540707925 2.61712646484375 1077
1748541039096 2.516686201095581 1175
1748541370717 2.4275002479553223 1273
1748541703368 2.332974910736084 1371
1748542032269 2.2559103965759277 1469
1748542376242 2.191112756729126 1567
1748542716222 2.1341521739959717 1665
1748543047183 2.0695443153381348 1763
1748543438599 2.025402069091797 1861
1748543797556 1.9625697135925293 1959
1748544153732 1.9213624000549316 2057
1748544512023 1.8771438598632812 2155
1748545087286 1.8404327630996704 2253
1748545628815 1.807560920715332 2351
1748546108356 1.766426682472229 2449
1748546481589 1.744908332824707 2547
1748546864085 1.7063183784484863 2645
1748547179508 1.6778632402420044 2743
1748547511054 1.6488438844680786 2841
1748547843456 1.6209678649902344 2939
1748548177853 1.601861834526062 3037
1748548524540 1.5793983936309814 3135
1748548889062 1.5556153059005737 3233
1748549331606 1.5387769937515259 3331
1748549721609 1.5133390426635742 3429
1748550244911 1.4972186088562012 3527
1748550891078 1.4780515432357788 3625
1748551358419 1.4631154537200928 3723
1748551860554 1.4543401002883911 3821
1748552369298 1.4295064210891724 3919
1748554585223 1.4189437627792358 4017
1748554923223 1.3952372074127197 4115
1748555397666 1.381528615951538 4213
1748557945841 1.3719446659088135 4311
1748576511106 1.3554043769836426 4409
1748586037049 1.341459035873413 4507
1748586349683 1.3360745906829834 4605
1748586665232 1.3221389055252075 4703
1748586980300 1.3150182962417603 4801
1748587292235 1.3054773807525635 4899
