1748536805802 4.114627361297607 49
1748537060680 4.038890361785889 99
1748537226100 3.780816078186035 149
1748537453302 3.840867519378662 199
1748537601384 3.5863559246063232 249
1748537826899 3.615450859069824 299
1748537975676 3.515409231185913 349
1748538150556 3.5446841716766357 399
1748538305750 3.348999500274658 449
1748538510629 3.262779712677002 499
1748538687019 3.225085735321045 549
1748538915998 3.1094021797180176 599
1748539086140 2.9210307598114014 649
1748539350335 2.937289237976074 699
1748539547026 3.016010046005249 749
1748539759767 2.858867645263672 799
1748539916292 2.903610944747925 849
1748540095874 2.706164598464966 899
1748540255623 2.5818305015563965 949
1748540438322 2.6297855377197266 999
1748540598198 2.5614585876464844 1049
1748540776925 2.5349719524383545 1099
1748540935172 2.511293888092041 1149
1748541116006 2.367607355117798 1199
1748541274145 2.286512613296509 1249
1748541454419 2.351180076599121 1299
1748541611573 2.365567207336426 1349
1748541793338 2.2419562339782715 1399
1748541948159 2.1897149085998535 1449
1748542128111 2.231691360473633 1499
1748542293229 2.1941041946411133 1549
1748542482703 2.181694507598877 1599
1748542643069 2.050899028778076 1649
1748542823784 2.1003684997558594 1699
1748542979917 2.1683385372161865 1749
1748543161148 2.147137403488159 1799
1748543361901 1.9197250604629517 1849
1748543560079 1.8592960834503174 1899
1748543722497 1.8153523206710815 1949
1748543938528 1.921609878540039 1999
1748544100765 2.001072406768799 2049
1748544296145 1.8545658588409424 2099
1748544457781 1.8453927040100098 2149
1748544716451 1.7714792490005493 2199
1748544994177 1.8869298696517944 2249
1748545323238 1.8446755409240723 2299
1748545552894 1.772189736366272 2349
1748545851310 1.8877941370010376 2399
1748546072094 1.7027931213378906 2449
1748546292579 1.752231240272522 2499
1748546488833 1.7914586067199707 2549
1748546678170 1.5890754461288452 2599
1748546877626 1.6976314783096313 2649
1748547026129 1.7262976169586182 2699
1748547199168 1.687455177307129 2749
1748547354284 1.6139771938323975 2799
1748547537609 1.767837643623352 2849
1748547693713 1.4991134405136108 2899
1748547876865 1.6916401386260986 2949
1748548034960 1.6054176092147827 2999
1748548217414 1.5113177299499512 3049
1748548378256 1.4531807899475098 3099
1748548573050 1.5072661638259888 3149
1748548741213 1.4579161405563354 3199
1748548956193 1.5119731426239014 3249
1748549169830 1.6740810871124268 3299
1748549391608 1.5109230279922485 3349
1748549578561 1.409609317779541 3399
1748549800263 1.4747331142425537 3449
1748550008765 1.3993852138519287 3499
1748550380107 1.4800455570220947 3549
1748550650867 1.4758955240249634 3599
1748551008935 1.4787012338638306 3649
1748551204967 1.356339454650879 3699
1748551469455 1.4306950569152832 3749
1748551698929 1.5008089542388916 3799
1748551973080 1.3281126022338867 3849
1748552203450 1.4041221141815186 3899
1748553512705 1.3486536741256714 3949
1748554430451 1.3949432373046875 3999
1748554689153 1.4054251909255981 4049
1748554839151 1.3554561138153076 4099
1748555070967 1.3875665664672852 4149
1748555289267 1.519757866859436 4199
1748555541213 1.4216746091842651 4249
1748557847096 1.3405247926712036 4299
1748558675354 1.3934460878372192 4349
1748565842492 1.2900402545928955 4399
1748584925456 1.2989784479141235 4449
1748585979488 1.364598035812378 4499
1748586162787 1.2833330631256104 4549
1748586309948 1.2658841609954834 4599
1748586482343 1.3042035102844238 4649
1748586632107 1.32562255859375 4699
1748586805838 1.384318470954895 4749
1748586954353 1.36903977394104 4799
1748587124677 1.3787422180175781 4849
1748587270624 1.1071817874908447 4899
