1748537039816 0.05328000336885452 97
1748537440351 0.09386000037193298 195
1748537808217 0.11883999407291412 293
1748538125568 0.1473200023174286 391
1748538477660 0.1799199879169464 489
1748538872987 0.20679999887943268 587
1748539278087 0.23416000604629517 685
1748539708272 0.2581599950790405 783
1748540038787 0.2821599841117859 881
1748540373500 0.3040600121021271 979
1748540707925 0.3251599669456482 1077
1748541039096 0.34977999329566956 1175
1748541370717 0.36698001623153687 1273
1748541703368 0.3858200013637543 1371
1748542032269 0.40064001083374023 1469
1748542376242 0.41628000140190125 1567
1748542716222 0.4291999936103821 1665
1748543047183 0.4451199769973755 1763
1748543438599 0.4528200030326843 1861
1748543797556 0.46762001514434814 1959
1748544153732 0.47775998711586 2057
1748544512023 0.4902600049972534 2155
1748545087286 0.4963400065898895 2253
1748545628815 0.5037800073623657 2351
1748546108356 0.5137400031089783 2449
1748546481589 0.5206199884414673 2547
1748546864085 0.5271599888801575 2645
1748547179508 0.5356199741363525 2743
1748547511054 0.5391800403594971 2841
1748547843456 0.5470200181007385 2939
1748548177853 0.5515799522399902 3037
1748548524540 0.5588400363922119 3135
1748548889062 0.5611799955368042 3233
1748549331606 0.5659400224685669 3331
1748549721609 0.5699799656867981 3429
1748550244911 0.5769400596618652 3527
1748550891078 0.5814399719238281 3625
1748551358419 0.5855000019073486 3723
1748551860554 0.5848000049591064 3821
1748552369298 0.59170001745224 3919
1748554585223 0.5950000286102295 4017
1748554923223 0.6017600297927856 4115
1748555397666 0.6055799722671509 4213
1748557945841 0.6076200008392334 4311
1748576511106 0.6119199991226196 4409
1748586037049 0.6154199838638306 4507
1748586349683 0.6141999959945679 4605
1748586665232 0.618399977684021 4703
1748586980300 0.6204000115394592 4801
1748587292235 0.6226999759674072 4899
