1748537039816 0.04551886022090912 97
1748537440351 0.07886670529842377 195
1748537808217 0.10333933681249619 293
1748538125568 0.13102275133132935 391
1748538477660 0.16092833876609802 489
1748538872987 0.18707594275474548 587
1748539278087 0.21535609662532806 685
1748539708272 0.23958554863929749 783
1748540038787 0.2649555802345276 881
1748540373500 0.28955912590026855 979
1748540707925 0.31141984462738037 1077
1748541039096 0.3370780944824219 1175
1748541370717 0.35569214820861816 1273
1748541703368 0.37539610266685486 1371
1748542032269 0.390177845954895 1469
1748542376242 0.4070947766304016 1567
1748542716222 0.42048370838165283 1665
1748543047183 0.43631643056869507 1763
1748543438599 0.4446692168712616 1861
1748543797556 0.4604644775390625 1959
1748544153732 0.4703768491744995 2057
1748544512023 0.48317304253578186 2155
1748545087286 0.48946911096572876 2253
1748545628815 0.4969401955604553 2351
1748546108356 0.5070450305938721 2449
1748546481589 0.5146293640136719 2547
1748546864085 0.5216463208198547 2645
1748547179508 0.5300610661506653 2743
1748547511054 0.5341034531593323 2841
1748547843456 0.5423144698143005 2939
1748548177853 0.5464213490486145 3037
1748548524540 0.5537289381027222 3135
1748548889062 0.5566326379776001 3233
1748549331606 0.5610610246658325 3331
1748549721609 0.5655499696731567 3429
1748550244911 0.5725675821304321 3527
1748550891078 0.5771857500076294 3625
1748551358419 0.5811797380447388 3723
1748551860554 0.5809164643287659 3821
1748552369298 0.5877841711044312 3919
1748554585223 0.5912625789642334 4017
1748554923223 0.5982447862625122 4115
1748555397666 0.602164626121521 4213
1748557945841 0.6042145490646362 4311
1748576511106 0.6084932684898376 4409
1748586037049 0.612115740776062 4507
1748586349683 0.6107008457183838 4605
1748586665232 0.6156619191169739 4703
1748586980300 0.6171598434448242 4801
1748587292235 0.619787335395813 4899
