1748537039816 0.7198993563652039 97
1748537440351 0.7932884693145752 195
1748537808217 0.8231134414672852 293
1748538125568 0.8460115790367126 391
1748538477660 0.8652488589286804 489
1748538872987 0.8827711343765259 587
1748539278087 0.8952491283416748 685
1748539708272 0.9069398045539856 783
1748540038787 0.9158713221549988 881
1748540373500 0.9258631467819214 979
1748540707925 0.9335793852806091 1077
1748541039096 0.9392849802970886 1175
1748541370717 0.9444349408149719 1273
1748541703368 0.949640154838562 1371
1748542032269 0.9534602165222168 1469
1748542376242 0.956436038017273 1567
1748542716222 0.9588198661804199 1665
1748543047183 0.9615702629089355 1763
1748543438599 0.9635320901870728 1861
1748543797556 0.9663092494010925 1959
1748544153732 0.9677061438560486 2057
1748544512023 0.9693722128868103 2155
1748545087286 0.9705829620361328 2253
1748545628815 0.9719009399414062 2351
1748546108356 0.9731500744819641 2449
1748546481589 0.9740753173828125 2547
1748546864085 0.9752808213233948 2645
1748547179508 0.976132333278656 2743
1748547511054 0.9772817492485046 2841
1748547843456 0.9780167937278748 2939
1748548177853 0.9787089824676514 3037
1748548524540 0.9791994094848633 3135
1748548889062 0.9799742698669434 3233
1748549331606 0.9805207848548889 3331
1748549721609 0.981255292892456 3429
1748550244911 0.9815832376480103 3527
1748550891078 0.9821047782897949 3625
1748551358419 0.9823573231697083 3723
1748551860554 0.9828470945358276 3821
1748552369298 0.9835774898529053 3919
1748554585223 0.9838196635246277 4017
1748554923223 0.984413743019104 4115
1748555397666 0.9847244024276733 4213
1748557945841 0.9850497841835022 4311
1748576511106 0.9852967858314514 4409
1748586037049 0.9856342673301697 4507
1748586349683 0.9858723878860474 4605
1748586665232 0.9861451387405396 4703
1748586980300 0.9864352345466614 4801
1748587292235 0.9865513443946838 4899
