1749062864232 0.0 7
1749062864634 0.0 7
1749062868345 1.0 15
1749062868356 1.0 15
1749062872029 2.0 23
1749062872227 2.0 23
1749062876623 3.0 31
1749062876820 3.0 31
1749062880458 4.0 39
1749062880468 4.0 39
1749062884150 5.0 47
1749062884161 5.0 47
1749062885096 6.0 49
1749062888246 6.0 55
1749062888258 6.0 55
1749062892157 7.0 63
1749062892168 7.0 63
1749062895884 8.0 71
1749062895895 8.0 71
1749062899823 9.0 79
1749062899832 9.0 79
1749062904005 10.0 87
1749062904017 10.0 87
1749062907623 11.0 95
1749062907631 11.0 95
1749062909273 12.0 99
1749062911294 12.0 103
1749062911303 12.0 103
1749062915761 13.0 111
1749062915771 13.0 111
1749062919431 14.0 119
1749062919443 14.0 119
1749062923082 15.0 127
1749062923095 15.0 127
1749062927590 16.0 135
1749062927599 16.0 135
1749062931234 17.0 143
1749062931244 17.0 143
1749062933608 18.0 149
1749062934910 18.0 151
1749062934918 18.0 151
1749062939296 19.0 159
1749062939304 19.0 159
1749062942950 20.0 167
1749062942959 20.0 167
1749062946650 21.0 175
1749062946659 21.0 175
1749062950846 22.0 183
1749062950858 22.0 183
1749062954668 23.0 191
1749062954684 23.0 191
1749062957677 24.0 199
1749062958372 24.0 199
1749062958380 24.0 199
1749062962293 25.0 207
1749062962303 25.0 207
1749062966417 26.0 215
1749062966426 26.0 215
1749062970072 27.0 223
1749062970083 27.0 223
1749062973784 28.0 231
1749062973795 28.0 231
1749062978161 29.0 239
1749062978173 29.0 239
1749062981842 30.0 247
1749062981850 30.0 247
1749062982798 31.0 249
1749062985551 31.0 255
1749062985562 31.0 255
1749062990030 32.0 263
1749062990040 32.0 263
1749062993729 33.0 271
1749062993738 33.0 271
1749062997369 34.0 279
1749062997378 34.0 279
1749063001725 35.0 287
1749063001736 35.0 287
1749063005504 36.0 295
1749063005515 36.0 295
1749063007147 37.0 299
1749063009149 37.0 303
1749063009160 37.0 303
1749063013458 38.0 311
1749063013468 38.0 311
1749063017232 39.0 319
1749063017243 39.0 319
1749063020931 40.0 327
1749063020940 40.0 327
1749063024950 41.0 335
1749063024962 41.0 335
1749063028966 42.0 343
1749063028974 42.0 343
1749063031317 43.0 349
1749063032649 43.0 351
1749063032660 43.0 351
1749063036454 44.0 359
1749063036465 44.0 359
1749063040733 45.0 367
1749063040744 45.0 367
1749063044447 46.0 375
1749063044458 46.0 375
1749063048151 47.0 383
1749063048160 47.0 383
1749063052787 48.0 391
1749063052796 48.0 391
1749063055786 49.0 399
1749063056477 49.0 399
1749063056487 49.0 399
1749063061541 50.0 400
