1749062864634 0.10262079536914825 7
1749062868356 0.12104218453168869 15
1749062872227 0.15852633118629456 23
1749062876820 0.21340744197368622 31
1749062880468 0.28324660658836365 39
1749062884161 0.36494022607803345 47
1749062888258 0.45485782623291016 55
1749062892168 0.5490034818649292 63
1749062895895 0.6431934237480164 71
1749062899832 0.7332419157028198 79
1749062904017 0.8151472210884094 87
1749062907631 0.8852694034576416 95
1749062911303 0.9404923915863037 103
1749062915771 0.978361964225769 111
1749062919443 0.997195303440094 119
1749062923095 0.9992302656173706 127
1749062927599 0.995019793510437 135
1749062931244 0.9868412613868713 143
1749062934918 0.9747604727745056 151
1749062939304 0.9588747620582581 159
1749062942959 0.9393118023872375 167
1749062946659 0.9162293076515198 175
1749062950858 0.8898131847381592 183
1749062954684 0.86027592420578 191
1749062958380 0.8278555274009705 199
1749062962303 0.7928128838539124 207
1749062966426 0.7554301619529724 215
1749062970083 0.7160084247589111 223
1749062973795 0.6748650074005127 231
1749062978173 0.632331132888794 239
1749062981850 0.588749349117279 247
1749062985562 0.5444704294204712 255
1749062990040 0.4998510777950287 263
1749062993738 0.4552503526210785 271
1749062997378 0.4110275208950043 279
1749063001736 0.3675384521484375 287
1749063005515 0.32513341307640076 295
1749063009160 0.2841538190841675 303
1749063013468 0.24492958188056946 311
1749063017243 0.2077765166759491 319
1749063020940 0.17299377918243408 327
1749063024962 0.1408614069223404 335
1749063028974 0.11163809895515442 343
1749063032660 0.0855591744184494 351
1749063036465 0.06283456832170486 359
1749063040744 0.043647270649671555 367
1749063044458 0.028151758015155792 375
1749063048160 0.016472794115543365 383
1749063052796 0.008704411797225475 391
1749063056487 0.0049091544933617115 399
