1749062864634 24.878616333007812 7
1749062868356 20.59541130065918 15
1749062872227 3.2782187461853027 23
1749062876820 2.8397881984710693 31
1749062880468 nan 39
1749062884161 nan 47
1749062888258 nan 55
1749062892168 nan 63
1749062895895 nan 71
1749062899832 nan 79
1749062904017 nan 87
1749062907631 nan 95
1749062911303 nan 103
1749062915771 nan 111
1749062919443 nan 119
1749062923095 nan 127
1749062927599 nan 135
1749062931244 nan 143
1749062934918 nan 151
1749062939304 nan 159
1749062942959 nan 167
1749062946659 nan 175
1749062950858 nan 183
1749062954684 nan 191
1749062958380 nan 199
1749062962303 nan 207
1749062966426 nan 215
1749062970083 nan 223
1749062973795 nan 231
1749062978173 nan 239
1749062981850 nan 247
1749062985562 nan 255
1749062990040 nan 263
1749062993738 nan 271
1749062997378 nan 279
1749063001736 nan 287
1749063005515 nan 295
1749063009160 nan 303
1749063013468 nan 311
1749063017243 nan 319
1749063020940 nan 327
1749063024962 nan 335
1749063028974 nan 343
1749063032660 nan 351
1749063036465 nan 359
1749063040744 nan 367
1749063044458 nan 375
1749063048160 nan 383
1749063052796 nan 391
1749063056487 nan 399
