1749062864634 0.1340000033378601 7
1749062868356 0.1002499982714653 15
1749062872227 0.11349999904632568 23
1749062876820 0.10275000333786011 31
1749062880468 0.09925000369548798 39
1749062884161 0.11124999821186066 47
1749062888258 0.10474999994039536 55
1749062892168 0.10474999994039536 63
1749062895895 0.09950000047683716 71
1749062899832 0.09950000047683716 79
1749062904017 0.09950000047683716 87
1749062907631 0.09950000047683716 95
1749062911303 0.09950000047683716 103
1749062915771 0.09950000047683716 111
1749062919443 0.09950000047683716 119
1749062923095 0.09950000047683716 127
1749062927599 0.09950000047683716 135
1749062931244 0.09950000047683716 143
1749062934918 0.09950000047683716 151
1749062939304 0.09950000047683716 159
1749062942959 0.09950000047683716 167
1749062946659 0.09950000047683716 175
1749062950858 0.09950000047683716 183
1749062954684 0.09950000047683716 191
1749062958380 0.09950000047683716 199
1749062962303 0.09950000047683716 207
1749062966426 0.09950000047683716 215
1749062970083 0.09950000047683716 223
1749062973795 0.09950000047683716 231
1749062978173 0.09950000047683716 239
1749062981850 0.09950000047683716 247
1749062985562 0.09950000047683716 255
1749062990040 0.09950000047683716 263
1749062993738 0.09950000047683716 271
1749062997378 0.09950000047683716 279
1749063001736 0.09950000047683716 287
1749063005515 0.09950000047683716 295
1749063009160 0.09950000047683716 303
1749063013468 0.09950000047683716 311
1749063017243 0.09950000047683716 319
1749063020940 0.09950000047683716 327
1749063024962 0.09950000047683716 335
1749063028974 0.09950000047683716 343
1749063032660 0.09950000047683716 351
1749063036465 0.09950000047683716 359
1749063040744 0.09950000047683716 367
1749063044458 0.09950000047683716 375
1749063048160 0.09950000047683716 383
1749063052796 0.09950000047683716 391
1749063056487 0.09950000047683716 399
