1749029739662 0.11178431659936905 9
1749029742317 0.19237853586673737 19
1749029745012 0.3552491068840027 29
1749029747735 0.5931822657585144 39
1749029750352 0.8956396579742432 49
1749029753087 1.24922513961792 59
1749029755747 1.6382777690887451 69
1749029758451 2.0455663204193115 79
1749029761249 2.4530510902404785 89
1749029763817 2.842684268951416 99
1749029766423 3.1972084045410156 109
1749029769141 3.5009214878082275 119
1749029771790 3.740370988845825 129
1749029774433 3.9049527645111084 139
1749029777142 3.9873757362365723 149
1749029779803 3.9970200061798096 159
1749029782441 3.980320692062378 169
1749029785035 3.9476866722106934 179
1749029787560 3.899381160736084 189
1749029790188 3.8357930183410645 199
1749029792770 3.757434368133545 209
1749029795454 3.664935827255249 219
1749029798169 3.55904221534729 229
1749029800763 3.4406063556671143 239
1749029803442 3.3105812072753906 249
1749029806009 3.1700143814086914 259
1749029808637 3.0200374126434326 269
1749029811347 2.8618578910827637 279
1749029813946 2.696748733520508 289
1749029816570 2.5260403156280518 299
1749029819241 2.3511064052581787 309
1749029821959 2.1733558177948 319
1749029824626 1.9942195415496826 329
1749029827240 1.815139889717102 339
1749029829860 1.6375583410263062 349
1749029832473 1.4629055261611938 359
1749029835096 1.2925866842269897 369
1749029837735 1.1279736757278442 379
1749029840289 0.9703919887542725 389
1749029842831 0.8211100697517395 399
1749029845458 0.6813297867774963 409
1749029848014 0.5521768927574158 419
1749029850564 0.43469107151031494 429
1749029853213 0.3298182189464569 439
1749029855863 0.23840273916721344 449
1749029858426 0.16118067502975464 459
1749029861113 0.09877379238605499 469
1749029863764 0.05168452113866806 479
1749029866375 0.020291993394494057 489
1749029869042 0.004848983604460955 499
