1749065997560 0.0 49
1749066013339 0.0 99
1749066023980 0.0 114
1749066024372 0.0 114
1749066035281 1.0 149
1749066050879 1.0 199
1749066065840 1.0 229
1749066066058 1.0 229
1749066072659 2.0 249
1749066088973 2.0 299
1749066108708 2.0 344
1749066108719 2.0 344
1749066110431 3.0 349
1749066126346 3.0 399
1749066142181 3.0 449
1749066150888 3.0 459
1749066150899 3.0 459
1749066164001 4.0 499
1749066180078 4.0 549
1749066194054 4.0 574
1749066194064 4.0 574
1749066202232 5.0 599
1749066218357 5.0 649
1749066236391 5.0 689
1749066236401 5.0 689
1749066239709 6.0 699
1749066255788 6.0 749
1749066271819 6.0 799
1749066278829 6.0 804
1749066278839 6.0 804
1749066294011 7.0 849
1749066310719 7.0 899
1749066323250 7.0 919
1749066323465 7.0 919
1749066333690 8.0 949
1749066350348 8.0 999
1749066367266 8.0 1034
1749066367466 8.0 1034
1749066372767 9.0 1049
1749066389410 9.0 1099
1749066405899 9.0 1149
1749066412066 9.0 1149
1749066412255 9.0 1149
1749066428983 10.0 1199
1749066445590 10.0 1249
1749066455764 10.0 1264
1749066455961 10.0 1264
1749066467758 11.0 1299
1749066484388 11.0 1349
1749066499927 11.0 1379
1749066499937 11.0 1379
1749066506782 12.0 1399
1749066523297 12.0 1449
1749066544067 12.0 1494
1749066544259 12.0 1494
1749066546041 13.0 1499
1749066562470 13.0 1549
1749066579051 13.0 1599
1749066587507 13.0 1609
1749066587520 13.0 1609
1749066600773 14.0 1649
1749066617254 14.0 1699
1749066631507 14.0 1724
1749066631520 14.0 1724
1749066639771 15.0 1749
1749066656164 15.0 1799
1749066675006 15.0 1839
1749066675200 15.0 1839
1749066678600 16.0 1849
1749066695077 16.0 1899
1749066712026 16.0 1949
1749066718836 16.0 1954
1749066718846 16.0 1954
1749066733641 17.0 1999
1749066750040 17.0 2049
1749066762634 17.0 2069
1749066762822 17.0 2069
1749066772706 18.0 2099
1749066789209 18.0 2149
1749066806040 18.0 2184
1749066806054 18.0 2184
1749066811035 19.0 2199
1749066827495 19.0 2249
1749066843596 19.0 2299
1749066848980 19.0 2299
1749066848992 19.0 2299
1749066865530 20.0 2349
1749066881884 20.0 2399
1749066892767 20.0 2414
1749066892777 20.0 2414
1749066904228 21.0 2449
1749066920491 21.0 2499
1749066935732 21.0 2529
1749066935741 21.0 2529
1749066942342 22.0 2549
1749066958580 22.0 2599
1749066978206 22.0 2644
1749066978218 22.0 2644
1749066979976 23.0 2649
1749066996262 23.0 2699
1749067012337 23.0 2749
1749067021398 23.0 2759
1749067021411 23.0 2759
1749067034498 24.0 2799
1749067050601 24.0 2849
1749067064647 24.0 2874
1749067064657 24.0 2874
1749067072814 25.0 2899
1749067088835 25.0 2949
1749067106795 25.0 2989
1749067106807 25.0 2989
1749067110153 26.0 2999
1749067126138 26.0 3049
1749067142071 26.0 3099
1749067148794 26.0 3104
1749067148806 26.0 3104
1749067163516 27.0 3149
1749067179578 27.0 3199
1749067191818 27.0 3219
1749067191833 27.0 3219
1749067201430 28.0 3249
1749067217494 28.0 3299
1749067234137 28.0 3334
1749067234150 28.0 3334
1749067239001 29.0 3349
1749067254951 29.0 3399
1749067270682 29.0 3449
1749067276014 29.0 3449
1749067276026 29.0 3449
1749067292027 30.0 3499
1749067308050 30.0 3549
1749067317985 30.0 3564
1749067317997 30.0 3564
1749067329442 31.0 3599
1749067345322 31.0 3649
1749067360995 31.0 3679
1749067361004 31.0 3679
1749067367440 32.0 3699
1749067383327 32.0 3749
1749067403653 32.0 3794
1749067403665 32.0 3794
1749067405378 33.0 3799
1749067421155 33.0 3849
1749067437130 33.0 3899
1749067445651 33.0 3909
1749067445660 33.0 3909
1749067458672 34.0 3949
1749067474455 34.0 3999
1749067487693 34.0 4024
1749067487702 34.0 4024
1749067495891 35.0 4049
1749067511770 35.0 4099
1749067530220 35.0 4139
1749067530535 35.0 4139
1749067533961 36.0 4149
1749067549733 36.0 4199
1749067565574 36.0 4249
1749067573307 36.0 4254
1749067573506 36.0 4254
1749067588196 37.0 4299
1749067603984 37.0 4349
1749067615710 37.0 4369
1749067615719 37.0 4369
1749067625463 38.0 4399
1749067641274 38.0 4449
1749067657676 38.0 4484
1749067657689 38.0 4484
1749067662731 39.0 4499
1749067678474 39.0 4549
1749067694072 39.0 4599
1749067699939 39.0 4599
1749067699951 39.0 4599
1749067716029 40.0 4649
1749067731786 40.0 4699
1749067742619 40.0 4714
1749067742632 40.0 4714
1749067753838 41.0 4749
1749067769720 41.0 4799
1749067784757 41.0 4829
1749067784952 41.0 4829
1749067791413 42.0 4849
1749067807219 42.0 4899
1749067826653 42.0 4944
1749067826664 42.0 4944
1749067828386 43.0 4949
1749067844284 43.0 4999
1749067860215 43.0 5049
1749067868567 43.0 5059
1749067868577 43.0 5059
1749067881505 44.0 5099
1749067897278 44.0 5149
1749067911271 44.0 5174
1749067911283 44.0 5174
1749067919264 45.0 5199
1749067935079 45.0 5249
1749067953737 45.0 5289
1749067953747 45.0 5289
1749067957017 46.0 5299
1749067972717 46.0 5349
1749067988438 46.0 5399
1749067995174 46.0 5404
1749067995371 46.0 5404
1749068009666 47.0 5449
1749068025386 47.0 5499
1749068036933 47.0 5519
1749068037133 47.0 5519
1749068046872 48.0 5549
1749068062691 48.0 5599
1749068079072 48.0 5634
1749068079340 48.0 5634
1749068084391 49.0 5649
1749068100271 49.0 5699
1749068115790 49.0 5749
1749068122576 49.0 5749
1749068122773 49.0 5749
1749068132068 50.0 5750
