1749066024372 0.10321370512247086 114
1749066066058 0.1226317510008812 229
1749066108719 0.16074950993061066 344
1749066150899 0.21589890122413635 459
1749066194064 0.2856671214103699 574
1749066236401 0.36700114607810974 689
1749066278839 0.4563424289226532 804
1749066323465 0.5497819185256958 919
1749066367466 0.6432308554649353 1034
1749066412255 0.7326003909111023 1149
1749066455961 0.8139801025390625 1264
1749066499937 0.8838090896606445 1379
1749066544259 0.939032793045044 1494
1749066587520 0.97723388671875 1609
1749066631520 0.9967412948608398 1724
1749066675200 0.9993290901184082 1839
1749066718846 0.9953182339668274 1954
1749066762822 0.9873366951942444 2069
1749066806054 0.97544926404953 2184
1749066848992 0.9597510695457458 2299
1749066892777 0.9403687119483948 2414
1749066935741 0.9174581170082092 2529
1749066978218 0.8912039399147034 2644
1749067021411 0.8618175387382507 2759
1749067064657 0.8295359015464783 2874
1749067106807 0.7946180105209351 2989
1749067148806 0.7573458552360535 3104
1749067191833 0.7180190086364746 3219
1749067234150 0.6769542694091797 3334
1749067276026 0.6344825625419617 3449
1749067317997 0.590945303440094 3564
1749067361004 0.5466934442520142 3679
1749067403665 0.5020831823348999 3794
1749067445660 0.4574736952781677 3909
1749067487702 0.41322386264801025 4024
1749067530535 0.36969026923179626 4139
1749067573506 0.32722362875938416 4254
1749067615719 0.2861654758453369 4369
1749067657689 0.24684633314609528 4484
1749067699951 0.20958299934864044 4599
1749067742632 0.17467549443244934 4714
1749067784952 0.14240474998950958 4829
1749067826664 0.11303067952394485 4944
1749067868577 0.08678977191448212 5059
1749067911283 0.06389328837394714 5174
1749067953747 0.04452560842037201 5289
1749067995371 0.028842607513070107 5404
1749068037133 0.01697060652077198 5519
1749068079340 0.009005165658891201 5634
1749068122773 0.00501043489202857 5749
