1749065997560 0.10179271548986435 49
1749066013339 0.10730297863483429 99
1749066035281 0.11648581922054291 149
1749066050879 0.12926506996154785 199
1749066072659 0.1455346941947937 249
1749066088973 0.16515973210334778 299
1749066110431 0.1879773736000061 349
1749066126346 0.21379834413528442 399
1749066142181 0.2424084097146988 449
1749066164001 0.2735702097415924 499
1749066180078 0.307025283575058 549
1749066202232 0.34249603748321533 599
1749066218357 0.37968823313713074 649
1749066239709 0.4182933270931244 699
1749066255788 0.4579910337924957 749
1749066271819 0.4984520673751831 799
1749066294011 0.5393407344818115 849
1749066310719 0.5803177952766418 899
1749066333690 0.6210433840751648 949
1749066350348 0.6611796021461487 999
1749066372767 0.7003934383392334 1049
1749066389410 0.7383596301078796 1099
1749066405899 0.7747632265090942 1149
1749066428983 0.8093022108078003 1199
1749066445590 0.8416900634765625 1249
1749066467758 0.8716580271720886 1299
1749066484388 0.8989575505256653 1349
1749066506782 0.923362135887146 1399
1749066523297 0.9446693658828735 1449
1749066546041 0.9627024531364441 1499
1749066562470 0.9773117899894714 1549
1749066579051 0.9883762001991272 1599
1749066600773 0.9958038330078125 1649
1749066617254 0.9995331168174744 1699
1749066639771 0.9999052286148071 1749
1749066656164 0.9991472363471985 1799
1749066678600 0.9976325035095215 1849
1749066695077 0.9953632354736328 1899
1749066712026 0.9923428893089294 1949
1749066733641 0.9885761141777039 1999
1749066750040 0.9840686321258545 2049
1749066772706 0.9788273572921753 2099
1749066789209 0.9728601574897766 2149
1749066811035 0.9661762118339539 2199
1749066827495 0.9587856531143188 2249
1749066843596 0.9506997466087341 2299
1749066865530 0.9419307708740234 2349
1749066881884 0.9324921369552612 2399
1749066904228 0.9223982691764832 2449
1749066920491 0.9116643667221069 2499
1749066942342 0.9003069400787354 2549
1749066958580 0.8883432149887085 2599
1749066979976 0.8757914304733276 2649
1749066996262 0.8626706600189209 2699
1749067012337 0.8490009307861328 2749
1749067034498 0.83480304479599 2799
1749067050601 0.8200985789299011 2849
1749067072814 0.8049100041389465 2899
1749067088835 0.7892604470252991 2949
1749067110153 0.7731736302375793 2999
1749067126138 0.7566741704940796 3049
1749067142071 0.7397871017456055 3099
1749067163516 0.7225382328033447 3149
1749067179578 0.7049537897109985 3199
1749067201430 0.687060534954071 3249
1749067217494 0.6688857078552246 3299
1749067239001 0.6504570245742798 3349
1749067254951 0.6318025588989258 3399
1749067270682 0.6129506230354309 3449
1749067292027 0.5939300656318665 3499
1749067308050 0.5747697353363037 3549
1749067329442 0.5554988384246826 3599
1749067345322 0.5361467599868774 3649
1749067367440 0.5167429447174072 3699
1749067383327 0.49731695652008057 3749
1749067405378 0.47789835929870605 3799
1749067421155 0.4585167169570923 3849
1749067437130 0.43920156359672546 3899
1749067458672 0.41998228430747986 3949
1749067474455 0.40088820457458496 3999
1749067495891 0.3819483518600464 4049
1749067511770 0.3631915748119354 4099
1749067533961 0.3446464538574219 4149
1749067549733 0.3263412415981293 4199
1749067565574 0.30830374360084534 4249
1749067588196 0.2905615270137787 4299
1749067603984 0.2731415331363678 4349
1749067625463 0.2560703158378601 4399
1749067641274 0.23937389254570007 4449
1749067662731 0.2230776697397232 4499
1749067678474 0.20720645785331726 4549
1749067694072 0.19178442656993866 4599
1749067716029 0.1768350750207901 4649
1749067731786 0.1623811572790146 4699
1749067753838 0.14844468235969543 4749
1749067769720 0.13504688441753387 4799
1749067791413 0.12220816314220428 4849
1749067807219 0.1099480614066124 4899
1749067828386 0.0982852578163147 4949
1749067844284 0.08723751455545425 4999
1749067860215 0.07682164758443832 5049
1749067881505 0.06705351918935776 5099
1749067897278 0.05794800817966461 5149
1749067919264 0.04951898008584976 5199
1749067935079 0.04177927225828171 5249
1749067957017 0.034740667790174484 5299
1749067972717 0.028413889929652214 5349
1749067988438 0.02280856855213642 5399
1749068009666 0.01793324016034603 5449
1749068025386 0.013795332983136177 5499
1749068046872 0.010401144623756409 5549
1749068062691 0.007755845319479704 5599
1749068084391 0.005863463040441275 5649
1749068100271 0.0047268797643482685 5699
1749068115790 0.004347825888544321 5749
