1749065997560 2.3542051315307617 49
1749066013339 2.194032669067383 99
1749066035281 2.2560291290283203 149
1749066050879 2.2654170989990234 199
1749066072659 2.2334327697753906 249
1749066088973 2.2670860290527344 299
1749066110431 2.221466064453125 349
1749066126346 2.2563610076904297 399
1749066142181 2.234537124633789 449
1749066164001 2.2165451049804688 499
1749066180078 2.2287254333496094 549
1749066202232 2.212930679321289 599
1749066218357 2.230623245239258 649
1749066239709 2.2384796142578125 699
1749066255788 2.245656967163086 749
1749066271819 2.242502212524414 799
1749066294011 2.1973142623901367 849
1749066310719 1.9238630533218384 899
1749066333690 1.1063886880874634 949
1749066350348 0.7669544219970703 999
1749066372767 0.5600789785385132 1049
1749066389410 0.4429539442062378 1099
1749066405899 0.36884942650794983 1149
1749066428983 0.49187397956848145 1199
1749066445590 0.4490602910518646 1249
1749066467758 0.3446114957332611 1299
1749066484388 0.32795920968055725 1349
1749066506782 0.37458017468452454 1399
1749066523297 0.366170734167099 1449
1749066546041 0.3330325484275818 1499
1749066562470 0.3031245172023773 1549
1749066579051 0.31753960251808167 1599
1749066600773 0.3259536623954773 1649
1749066617254 0.33587729930877686 1699
1749066639771 0.3380753695964813 1749
1749066656164 0.2836833596229553 1799
1749066678600 0.3727734684944153 1849
1749066695077 0.25638648867607117 1899
1749066712026 0.25122931599617004 1949
1749066733641 0.30634230375289917 1999
1749066750040 0.3262243866920471 2049
1749066772706 0.3013927936553955 2099
1749066789209 0.2702173888683319 2149
1749066811035 0.3125409483909607 2199
1749066827495 0.3827674686908722 2249
1749066843596 0.2950723469257355 2299
1749066865530 0.361663281917572 2349
1749066881884 0.38897618651390076 2399
1749066904228 0.39018839597702026 2449
1749066920491 0.34940826892852783 2499
1749066942342 0.33837661147117615 2549
1749066958580 0.3012767732143402 2599
1749066979976 0.28858405351638794 2649
1749066996262 0.2841656804084778 2699
1749067012337 0.26032891869544983 2749
1749067034498 0.3201886713504791 2799
1749067050601 0.28203633427619934 2849
1749067072814 0.25056254863739014 2899
1749067088835 0.23256181180477142 2949
1749067110153 0.29921454191207886 2999
1749067126138 0.28329408168792725 3049
1749067142071 0.24271853268146515 3099
1749067163516 0.3097812235355377 3149
1749067179578 0.27078500390052795 3199
1749067201430 0.23333829641342163 3249
1749067217494 0.25608351826667786 3299
1749067239001 0.3557225167751312 3349
1749067254951 0.30249854922294617 3399
1749067270682 0.23522061109542847 3449
1749067292027 0.34528589248657227 3499
1749067308050 0.33006545901298523 3549
1749067329442 0.30683377385139465 3599
1749067345322 0.29084455966949463 3649
1749067367440 0.3280782103538513 3699
1749067383327 0.2863215506076813 3749
1749067405378 0.21922263503074646 3799
1749067421155 0.27807727456092834 3849
1749067437130 0.2359815388917923 3899
1749067458672 0.2759172320365906 3949
1749067474455 0.221318319439888 3999
1749067495891 0.2498108595609665 4049
1749067511770 0.2397855520248413 4099
1749067533961 0.21246111392974854 4149
1749067549733 0.21336297690868378 4199
1749067565574 0.20615993440151215 4249
1749067588196 0.24111492931842804 4299
1749067603984 0.22770671546459198 4349
1749067625463 0.23806068301200867 4399
1749067641274 0.19415700435638428 4449
1749067662731 0.25776809453964233 4499
1749067678474 0.26803505420684814 4549
1749067694072 0.170954167842865 4599
1749067716029 0.23676948249340057 4649
1749067731786 0.2704048752784729 4699
1749067753838 0.21131272614002228 4749
1749067769720 0.18922016024589539 4799
1749067791413 0.24144978821277618 4849
1749067807219 0.18731002509593964 4899
1749067828386 0.16314680874347687 4949
1749067844284 0.12798677384853363 4999
1749067860215 0.17846450209617615 5049
1749067881505 0.20065955817699432 5099
1749067897278 0.14289501309394836 5149
1749067919264 0.12921997904777527 5199
1749067935079 0.12065175175666809 5249
1749067957017 0.10105018317699432 5299
1749067972717 0.0667693093419075 5349
1749067988438 0.053801678121089935 5399
1749068009666 0.1112598106265068 5449
1749068025386 0.0626751258969307 5499
1749068046872 0.04176843911409378 5549
1749068062691 0.02980736829340458 5599
1749068084391 0.05704375356435776 5649
1749068100271 0.034075893461704254 5699
1749068115790 0.0050495280884206295 5749
