1749066024372 0.17134764790534973 114
1749066066058 0.18841074407100677 229
1749066108719 0.18858137726783752 344
1749066150899 0.18871787190437317 459
1749066194064 0.18873494863510132 574
1749066236401 0.18880319595336914 689
1749066278839 0.18875201046466827 804
1749066323465 0.24185237288475037 919
1749066367466 0.6807494163513184 1034
1749066412255 0.8636999726295471 1149
1749066455961 0.8850800395011902 1264
1749066499937 0.8921611905097961 1379
1749066544259 0.8982015252113342 1494
1749066587520 0.9007610082626343 1609
1749066631520 0.9036276340484619 1724
1749066675200 0.9059311151504517 1839
1749066718846 0.9043613076210022 1954
1749066762822 0.9072279334068298 2069
1749066806054 0.9090707302093506 2184
1749066848992 0.9072449803352356 2299
1749066892777 0.9105552434921265 2414
1749066935741 0.9091389775276184 2529
1749066978218 0.9114083647727966 2644
1749067021411 0.9123639464378357 2759
1749067064657 0.9129952788352966 2874
1749067106807 0.9155547022819519 2989
1749067148806 0.9122956991195679 3104
1749067191833 0.9177729487419128 3219
1749067234150 0.9178582429885864 3334
1749067276026 0.9175340533256531 3449
1749067317997 0.9214585423469543 3564
1749067361004 0.9212196469306946 3679
1749067403665 0.9241886734962463 3794
1749067445660 0.9228406548500061 3909
1749067487702 0.9231989979743958 4024
1749067530535 0.928027868270874 4139
1749067573506 0.9315428733825684 4254
1749067615719 0.9331297278404236 4369
1749067657689 0.9353649616241455 4484
1749067699951 0.93876051902771 4599
1749067742632 0.9424973726272583 4714
1749067784952 0.9478892683982849 4829
1749067826664 0.9517796635627747 4944
1749067868577 0.9558236598968506 5059
1749067911283 0.9616591930389404 5174
1749067953747 0.9698153734207153 5289
1749067995371 0.9758216142654419 5404
1749068037133 0.9838412404060364 5519
1749068079340 0.9898645281791687 5634
1749068122773 0.9947786927223206 5749
