1749066024372 5.729012489318848 114
1749066066058 2.2411539554595947 229
1749066108719 2.2385060787200928 344
1749066150899 2.2385213375091553 459
1749066194064 2.238524913787842 574
1749066236401 2.238556146621704 689
1749066278839 2.2387354373931885 804
1749066323465 2.1084084510803223 919
1749066367466 0.9583642482757568 1034
1749066412255 0.4483906924724579 1149
1749066455961 0.3794192373752594 1264
1749066499937 0.357008159160614 1379
1749066544259 0.33987343311309814 1494
1749066587520 0.33024564385414124 1609
1749066631520 0.32478851079940796 1724
1749066675200 0.3163549304008484 1839
1749066718846 0.31783559918403625 1954
1749066762822 0.3131168484687805 2069
1749066806054 0.3079071342945099 2184
1749066848992 0.31353670358657837 2299
1749066892777 0.30055752396583557 2414
1749066935741 0.302226722240448 2529
1749066978218 0.2954198718070984 2644
1749067021411 0.2949691116809845 2759
1749067064657 0.2911245822906494 2874
1749067106807 0.2852879464626312 2989
1749067148806 0.2939628064632416 3104
1749067191833 0.27845367789268494 3219
1749067234150 0.2798260748386383 3334
1749067276026 0.28037863969802856 3449
1749067317997 0.2681500315666199 3564
1749067361004 0.2688834071159363 3679
1749067403665 0.25884804129600525 3794
1749067445660 0.25876283645629883 3909
1749067487702 0.2593415379524231 4024
1749067530535 0.2460383176803589 4139
1749067573506 0.2351226657629013 4254
1749067615719 0.22976069152355194 4369
1749067657689 0.2233528345823288 4484
1749067699951 0.21203279495239258 4599
1749067742632 0.19862079620361328 4714
1749067784952 0.18311479687690735 4829
1749067826664 0.16911262273788452 4944
1749067868577 0.1554713249206543 5059
1749067911283 0.13795801997184753 5174
1749067953747 0.11267176270484924 5289
1749067995371 0.09067375957965851 5404
1749068037133 0.06548883765935898 5519
1749068079340 0.04284468665719032 5634
1749068122773 0.0266144759953022 5749
