1749065997560 0.16796875 49
1749066013339 0.212890625 99
1749066035281 0.189453125 149
1749066050879 0.181640625 199
1749066072659 0.19140625 249
1749066088973 0.1875 299
1749066110431 0.205078125 349
1749066126346 0.1640625 399
1749066142181 0.203125 449
1749066164001 0.234375 499
1749066180078 0.2109375 549
1749066202232 0.197265625 599
1749066218357 0.1875 649
1749066239709 0.197265625 699
1749066255788 0.193359375 749
1749066271819 0.18359375 799
1749066294011 0.2109375 849
1749066310719 0.3125 899
1749066333690 0.603515625 949
1749066350348 0.76171875 999
1749066372767 0.849609375 1049
1749066389410 0.861328125 1099
1749066405899 0.894957959651947 1149
1749066428983 0.849609375 1199
1749066445590 0.861328125 1249
1749066467758 0.880859375 1299
1749066484388 0.90234375 1349
1749066506782 0.90234375 1399
1749066523297 0.896484375 1449
1749066546041 0.888671875 1499
1749066562470 0.890625 1549
1749066579051 0.908203125 1599
1749066600773 0.9140625 1649
1749066617254 0.90234375 1699
1749066639771 0.892578125 1749
1749066656164 0.90625 1799
1749066678600 0.90234375 1849
1749066695077 0.91796875 1899
1749066712026 0.92578125 1949
1749066733641 0.9140625 1999
1749066750040 0.90234375 2049
1749066772706 0.9140625 2099
1749066789209 0.91796875 2149
1749066811035 0.92578125 2199
1749066827495 0.89453125 2249
1749066843596 0.894957959651947 2299
1749066865530 0.916015625 2349
1749066881884 0.8828125 2399
1749066904228 0.859375 2449
1749066920491 0.892578125 2499
1749066942342 0.908203125 2549
1749066958580 0.916015625 2599
1749066979976 0.92578125 2649
1749066996262 0.904296875 2699
1749067012337 0.93359375 2749
1749067034498 0.90625 2799
1749067050601 0.90625 2849
1749067072814 0.90625 2899
1749067088835 0.93359375 2949
1749067110153 0.90625 2999
1749067126138 0.9140625 3049
1749067142071 0.916015625 3099
1749067163516 0.919921875 3149
1749067179578 0.912109375 3199
1749067201430 0.93359375 3249
1749067217494 0.923828125 3299
1749067239001 0.892578125 3349
1749067254951 0.9140625 3399
1749067270682 0.9327731132507324 3449
1749067292027 0.908203125 3499
1749067308050 0.90625 3549
1749067329442 0.900390625 3599
1749067345322 0.90625 3649
1749067367440 0.908203125 3699
1749067383327 0.91015625 3749
1749067405378 0.9375 3799
1749067421155 0.921875 3849
1749067437130 0.9296875 3899
1749067458672 0.9140625 3949
1749067474455 0.939453125 3999
1749067495891 0.9140625 4049
1749067511770 0.923828125 4099
1749067533961 0.939453125 4149
1749067549733 0.92578125 4199
1749067565574 0.94140625 4249
1749067588196 0.939453125 4299
1749067603984 0.935546875 4349
1749067625463 0.9453125 4399
1749067641274 0.94140625 4449
1749067662731 0.9296875 4499
1749067678474 0.919921875 4549
1749067694072 0.9327731132507324 4599
1749067716029 0.93359375 4649
1749067731786 0.9140625 4699
1749067753838 0.927734375 4749
1749067769720 0.94921875 4799
1749067791413 0.943359375 4849
1749067807219 0.9453125 4899
1749067828386 0.96484375 4949
1749067844284 0.958984375 4999
1749067860215 0.951171875 5049
1749067881505 0.94140625 5099
1749067897278 0.962890625 5149
1749067919264 0.96484375 5199
1749067935079 0.96875 5249
1749067957017 0.97265625 5299
1749067972717 0.9765625 5349
1749067988438 0.98046875 5399
1749068009666 0.974609375 5449
1749068025386 0.982421875 5499
1749068046872 0.990234375 5549
1749068062691 0.9921875 5599
1749068084391 0.98828125 5649
1749068100271 0.9921875 5699
1749068115790 1.0 5749
