1748544818153 0.0 49
1748544823338 0.0 99
1748544832019 0.0 143
1748544832352 0.0 143
1748544833762 1.0 149
1748544838967 1.0 199
1748544844181 1.0 249
1748544850526 1.0 287
1748544850629 1.0 287
1748544853869 2.0 299
1748544859069 2.0 349
1748544864296 2.0 399
1748544870003 2.0 431
1748544870096 2.0 431
1748544872699 3.0 449
1748544877895 3.0 499
1748544883143 3.0 549
1748544888274 3.0 575
1748544888375 3.0 575
1748544891713 4.0 599
1748544896933 4.0 649
1748544902158 4.0 699
1748544906625 4.0 719
1748544906730 4.0 719
1748544910670 5.0 749
1748544915882 5.0 799
1748544921080 5.0 849
1748544924882 5.0 863
1748544924976 5.0 863
1748544929541 6.0 899
1748544934734 6.0 949
1748544939925 6.0 999
1748544943240 6.0 1007
1748544943289 6.0 1007
1748544948452 7.0 1049
1748544953639 7.0 1099
1748544958806 7.0 1149
1748544961496 7.0 1151
1748544961589 7.0 1151
1748544967325 8.0 1199
1748544972502 8.0 1249
1748544979751 8.0 1295
1748544979845 8.0 1295
1748544980971 9.0 1299
1748544986180 9.0 1349
1748544991391 9.0 1399
1748544997959 9.0 1439
1748544998057 9.0 1439
1748544999841 10.0 1449
1748545005068 10.0 1499
1748545010303 10.0 1549
1748545016306 10.0 1583
1748545016400 10.0 1583
1748545018844 11.0 1599
1748545024047 11.0 1649
1748545029275 11.0 1699
1748545034570 11.0 1727
1748545034661 11.0 1727
1748545037735 12.0 1749
1748545042938 12.0 1799
1748545048144 12.0 1849
1748545052881 12.0 1871
1748545052980 12.0 1871
1748545056682 13.0 1899
1748545061906 13.0 1949
1748545067115 13.0 1999
1748545071186 13.0 2015
1748545071236 13.0 2015
1748545075559 14.0 2049
1748545080753 14.0 2099
1748545085960 14.0 2149
1748545089436 14.0 2159
1748545089486 14.0 2159
1748545094433 15.0 2199
1748545099634 15.0 2249
1748545104843 15.0 2299
1748545107650 15.0 2303
1748545107748 15.0 2303
1748545113307 16.0 2349
1748545118502 16.0 2399
1748545125874 16.0 2447
1748545125926 16.0 2447
1748545127024 17.0 2449
1748545132236 17.0 2499
1748545137419 17.0 2549
1748545144168 17.0 2591
1748545144218 17.0 2591
1748545145905 18.0 2599
1748545151105 18.0 2649
1748545156311 18.0 2699
1748545162463 18.0 2735
1748545162561 18.0 2735
1748545164906 19.0 2749
1748545170134 19.0 2799
1748545175379 19.0 2849
1748545180945 19.0 2879
1748545180999 19.0 2879
1748545183929 20.0 2899
1748545189132 20.0 2949
1748545194342 20.0 2999
1748545199228 20.0 3023
1748545199321 20.0 3023
1748545202753 21.0 3049
1748545207961 21.0 3099
1748545213150 21.0 3149
1748545217485 21.0 3167
1748545217582 21.0 3167
1748545221685 22.0 3199
1748545226895 22.0 3249
1748545232085 22.0 3299
1748545235739 22.0 3311
1748545235789 22.0 3311
1748545240639 23.0 3349
1748545245846 23.0 3399
1748545251058 23.0 3449
1748545254245 23.0 3455
1748545254340 23.0 3455
1748545259706 24.0 3499
1748545264920 24.0 3549
1748545270026 24.0 3599
1748545272501 24.0 3599
1748545272550 24.0 3599
1748545278576 25.0 3649
1748545283852 25.0 3699
1748545290997 25.0 3743
1748545291048 25.0 3743
1748545292398 26.0 3749
1748545297621 26.0 3799
1748545302858 26.0 3849
1748545309332 26.0 3887
1748545309383 26.0 3887
1748545311344 27.0 3899
1748545316578 27.0 3949
1748545321840 27.0 3999
1748545327715 27.0 4031
1748545327765 27.0 4031
1748545330387 28.0 4049
1748545335580 28.0 4099
1748545340767 28.0 4149
1748545345966 28.0 4175
1748545346021 28.0 4175
1748545349324 29.0 4199
1748545354567 29.0 4249
1748545359819 29.0 4299
1748545364538 29.0 4319
1748545364593 29.0 4319
1748545368475 30.0 4349
1748545373737 30.0 4399
1748545378986 30.0 4449
1748545383023 30.0 4463
1748545383073 30.0 4463
1748545387655 31.0 4499
1748545392886 31.0 4549
1748545398137 31.0 4599
1748545401533 31.0 4607
1748545401583 31.0 4607
1748545406670 32.0 4649
1748545411901 32.0 4699
1748545417121 32.0 4749
1748545419788 32.0 4751
1748545419885 32.0 4751
1748545425684 33.0 4799
1748545430941 33.0 4849
1748545438316 33.0 4895
1748545438369 33.0 4895
1748545439603 34.0 4899
1748545444841 34.0 4949
1748545450101 34.0 4999
1748545456770 34.0 5039
1748545456820 34.0 5039
1748545458692 35.0 5049
1748545463935 35.0 5099
1748545469184 35.0 5149
1748545475305 35.0 5183
1748545475360 35.0 5183
1748545477806 36.0 5199
1748545483050 36.0 5249
1748545488310 36.0 5299
1748545493696 36.0 5327
1748545493798 36.0 5327
1748545496941 37.0 5349
1748545502197 37.0 5399
1748545507442 37.0 5449
1748545512321 37.0 5471
1748545512373 37.0 5471
1748545516182 38.0 5499
1748545521425 38.0 5549
1748545526683 38.0 5599
1748545530794 38.0 5615
1748545530848 38.0 5615
1748545535074 39.0 5649
1748545540305 39.0 5699
1748545545591 39.0 5749
1748545549161 39.0 5759
1748545549217 39.0 5759
1748545554194 40.0 5799
1748545559433 40.0 5849
1748545564676 40.0 5899
1748545567553 40.0 5903
1748545567654 40.0 5903
1748545573222 41.0 5949
1748545578467 41.0 5999
1748545586080 41.0 6047
1748545586180 41.0 6047
1748545587303 42.0 6049
1748545592545 42.0 6099
1748545597790 42.0 6149
1748545604655 42.0 6191
1748545604755 42.0 6191
1748545606490 43.0 6199
1748545611714 43.0 6249
1748545616951 43.0 6299
1748545623189 43.0 6335
1748545623289 43.0 6335
1748545625496 44.0 6349
1748545630741 44.0 6399
1748545635984 44.0 6449
1748545641578 44.0 6479
1748545641630 44.0 6479
1748545644497 45.0 6499
1748545649765 45.0 6549
1748545655026 45.0 6599
1748545659998 45.0 6623
1748545660053 45.0 6623
1748545663602 46.0 6649
1748545668814 46.0 6699
1748545674050 46.0 6749
1748545678455 46.0 6767
1748545678561 46.0 6767
1748545682753 47.0 6799
1748545687996 47.0 6849
1748545693237 47.0 6899
1748545696901 47.0 6911
1748545697025 47.0 6911
1748545701804 48.0 6949
1748545707051 48.0 6999
1748545712293 48.0 7049
1748545715392 48.0 7055
1748545715443 48.0 7055
1748545720723 49.0 7099
1748545725941 49.0 7149
1748545731144 49.0 7199
1748545733649 49.0 7199
1748545733699 49.0 7199
