1748544832352 0.11391042917966843 143
1748544850629 0.198036327958107 287
1748544870096 0.3631766736507416 431
1748544888375 0.602107584476471 575
1748544906730 0.9043764472007751 719
1748544924976 1.2567607164382935 863
1748544943289 1.6438461542129517 1007
1748544961589 2.0486981868743896 1151
1748544979845 2.4536073207855225 1295
1748544998057 2.8408596515655518 1439
1748545016400 3.1935174465179443 1583
1748545034661 3.4961514472961426 1727
1748545052980 3.735521078109741 1871
1748545071236 3.901160478591919 2015
1748545089486 3.985818862915039 2159
1748545107748 3.997323751449585 2303
1748545125926 3.9812488555908203 2447
1748545144218 3.949230194091797 2591
1748545162561 3.9015281200408936 2735
1748545180999 3.838526487350464 2879
1748545199321 3.760732650756836 3023
1748545217582 3.668771743774414 3167
1748545235789 3.563387155532837 3311
1748545254340 3.4454221725463867 3455
1748545272550 3.315831184387207 3599
1748545291048 3.1756556034088135 3743
1748545309383 3.02602481842041 3887
1748545327765 2.8681418895721436 4031
1748545346021 2.7032814025878906 4175
1748545364593 2.532766580581665 4319
1748545383073 2.3579728603363037 4463
1748545401583 2.180307388305664 4607
1748545419885 2.00119948387146 4751
1748545438369 1.8220927715301514 4895
1748545456820 1.6444286108016968 5039
1748545475360 1.4696362018585205 5183
1748545493798 1.2991255521774292 5327
1748545512373 1.1342674493789673 5471
1748545530848 0.9763892292976379 5615
1748545549217 0.8267629146575928 5759
1748545567654 0.6865930557250977 5903
1748545586180 0.5570077896118164 6047
1748545604755 0.43905091285705566 6191
1748545623289 0.33367183804512024 6335
1748545641630 0.24171920120716095 6479
1748545660053 0.1639331877231598 6623
1748545678561 0.10094019025564194 6767
1748545697025 0.05324740707874298 6911
1748545715443 0.021238787099719048 7055
1748545733699 0.00517204450443387 7199
