1748544832352 0.10023793578147888 143
1748544850629 0.09084782004356384 287
1748544870096 0.1832694709300995 431
1748544888375 0.46683400869369507 575
1748544906730 0.782207727432251 719
1748544924976 0.8647745847702026 863
1748544943289 0.8840091228485107 1007
1748544961589 0.900570273399353 1151
1748544979845 0.9067177176475525 1295
1748544998057 0.9135071039199829 1439
1748545016400 0.919513463973999 1583
1748545034661 0.9247605800628662 1727
1748545052980 0.9268813133239746 1871
1748545071236 0.9298213720321655 2015
1748545089486 0.9327702522277832 2159
1748545107748 0.9336298108100891 2303
1748545125926 0.9368733167648315 2447
1748545144218 0.938003420829773 2591
1748545162561 0.939243733882904 2735
1748545180999 0.9417961239814758 2879
1748545199321 0.9429263472557068 3023
1748545217582 0.944033682346344 3167
1748545235789 0.9455280303955078 3311
1748545254340 0.9453685283660889 3455
1748545272550 0.9480140209197998 3599
1748545291048 0.947989821434021 3743
1748545309383 0.9487463235855103 3887
1748545327765 0.949878454208374 4031
1748545346021 0.9495657086372375 4175
1748545364593 0.9508841633796692 4319
1748545383073 0.9534069299697876 4463
1748545401583 0.9537988901138306 4607
1748545419885 0.9534494876861572 4751
1748545438369 0.9548541307449341 4895
1748545456820 0.9564828872680664 5039
1748545475360 0.9588170647621155 5183
1748545493798 0.9592307806015015 5327
1748545512373 0.9612904787063599 5471
1748545530848 0.9632233381271362 5615
1748545549217 0.9636786580085754 5759
1748545567654 0.966636061668396 5903
1748545586180 0.9668880105018616 6047
1748545604755 0.9686856865882874 6191
1748545623289 0.9733442068099976 6335
1748545641630 0.9743146896362305 6479
1748545660053 0.9752054214477539 6623
1748545678561 0.977460503578186 6767
1748545697025 0.9782924652099609 6911
1748545715443 0.9792507886886597 7055
1748545733699 0.9795554876327515 7199
