1748544818153 2.2870569229125977 49
1748544823338 2.361621856689453 99
1748544833762 2.261087417602539 149
1748544838967 2.2728943824768066 199
1748544844181 2.2494983673095703 249
1748544853869 2.1723556518554688 299
1748544859069 2.182771682739258 349
1748544864296 2.039705991744995 399
1748544872699 1.803443193435669 449
1748544877895 1.5401097536087036 499
1748544883143 1.195939302444458 549
1748544891713 0.7458552122116089 599
1748544896933 0.6529818177223206 649
1748544902158 0.4518042206764221 699
1748544910670 0.5369903445243835 749
1748544915882 0.3786914646625519 799
1748544921080 0.39242085814476013 849
1748544929541 0.3726509213447571 899
1748544934734 0.463382363319397 949
1748544939925 0.3719047009944916 999
1748544948452 0.42866984009742737 1049
1748544953639 0.22715692222118378 1099
1748544958806 0.2759031653404236 1149
1748544967325 0.33457350730895996 1199
1748544972502 0.2956872582435608 1249
1748544980971 0.2873530387878418 1299
1748544986180 0.3297475278377533 1349
1748544991391 0.224021777510643 1399
1748544999841 0.2678341269493103 1449
1748545005068 0.24919931590557098 1499
1748545010303 0.3042609691619873 1549
1748545018844 0.3345975875854492 1599
1748545024047 0.18750640749931335 1649
1748545029275 0.23659008741378784 1699
1748545037735 0.24741505086421967 1749
1748545042938 0.2217521220445633 1799
1748545048144 0.19729700684547424 1849
1748545056682 0.28384310007095337 1899
1748545061906 0.2895989418029785 1949
1748545067115 0.24494218826293945 1999
1748545075559 0.24079985916614532 2049
1748545080753 0.24305370450019836 2099
1748545085960 0.2363576740026474 2149
1748545094433 0.36961764097213745 2199
1748545099634 0.17717187106609344 2249
1748545104843 0.17717070877552032 2299
1748545113307 0.18079018592834473 2349
1748545118502 0.23532330989837646 2399
1748545127024 0.21775607764720917 2449
1748545132236 0.2208169400691986 2499
1748545137419 0.23628288507461548 2549
1748545145905 0.16880100965499878 2599
1748545151105 0.2630104124546051 2649
1748545156311 0.2674170434474945 2699
1748545164906 0.2911439538002014 2749
1748545170134 0.1875288486480713 2799
1748545175379 0.23089079558849335 2849
1748545183929 0.21529553830623627 2899
1748545189132 0.21756920218467712 2949
1748545194342 0.26934993267059326 2999
1748545202753 0.19137215614318848 3049
1748545207961 0.2210184633731842 3099
1748545213150 0.14373570680618286 3149
1748545221685 0.18495337665081024 3199
1748545226895 0.19831253588199615 3249
1748545232085 0.1237502247095108 3299
1748545240639 0.16288594901561737 3349
1748545245846 0.20043419301509857 3399
1748545251058 0.145350381731987 3449
1748545259706 0.17338477075099945 3499
1748545264920 0.1149747371673584 3549
1748545270026 0.05766195058822632 3599
1748545278576 0.2419823706150055 3649
1748545283852 0.16422314941883087 3699
1748545292398 0.16008009016513824 3749
1748545297621 0.2611132264137268 3799
1748545302858 0.18237021565437317 3849
1748545311344 0.19599886238574982 3899
1748545316578 0.17086659371852875 3949
1748545321840 0.16105109453201294 3999
1748545330387 0.12364356219768524 4049
1748545335580 0.16175350546836853 4099
1748545340767 0.1803768128156662 4149
1748545349324 0.14951518177986145 4199
1748545354567 0.16013352572917938 4249
1748545359819 0.13285358250141144 4299
1748545368475 0.17526938021183014 4349
1748545373737 0.1390988528728485 4399
1748545378986 0.18627974390983582 4449
1748545387655 0.1770106852054596 4499
1748545392886 0.18258848786354065 4549
1748545398137 0.1492486149072647 4599
1748545406670 0.23719416558742523 4649
1748545411901 0.09371023625135422 4699
1748545417121 0.13392069935798645 4749
1748545425684 0.13138537108898163 4799
1748545430941 0.14032244682312012 4849
1748545439603 0.11466865986585617 4899
1748545444841 0.15504539012908936 4949
1748545450101 0.0916484147310257 4999
1748545458692 0.14583320915699005 5049
1748545463935 0.18343572318553925 5099
1748545469184 0.18632875382900238 5149
1748545477806 0.18408435583114624 5199
1748545483050 0.1117282509803772 5249
1748545488310 0.16112898290157318 5299
1748545496941 0.09416066855192184 5349
1748545502197 0.09361161291599274 5399
1748545507442 0.09400255978107452 5449
1748545516182 0.16446496546268463 5499
1748545521425 0.17803697288036346 5549
1748545526683 0.1165194883942604 5599
1748545535074 0.14781837165355682 5649
1748545540305 0.15954619646072388 5699
1748545545591 0.11788387596607208 5749
1748545554194 0.21890759468078613 5799
1748545559433 0.07858653366565704 5849
1748545564676 0.11789030581712723 5899
1748545573222 0.11641007661819458 5949
1748545578467 0.10748536884784698 5999
1748545587303 0.11352477967739105 6049
1748545592545 0.11927992105484009 6099
1748545597790 0.13855257630348206 6149
1748545606490 0.06722445040941238 6199
1748545611714 0.12515859305858612 6249
1748545616951 0.10472199320793152 6299
1748545625496 0.11243283003568649 6349
1748545630741 0.09596386551856995 6399
1748545635984 0.1117171198129654 6449
1748545644497 0.09189512580633163 6499
1748545649765 0.0863136276602745 6549
1748545655026 0.11106669902801514 6599
1748545663602 0.09389214962720871 6649
1748545668814 0.07702375948429108 6699
1748545674050 0.05204019695520401 6749
1748545682753 0.08753230422735214 6799
1748545687996 0.07621999084949493 6849
1748545693237 0.07336707413196564 6899
1748545701804 0.0503203347325325 6949
1748545707051 0.08156918734312057 6999
1748545712293 0.06255822628736496 7049
1748545720723 0.09194380044937134 7099
1748545725941 0.07117273658514023 7149
1748545731144 0.03784344717860222 7199
