1748544832352 0.06213844195008278 143
1748544850629 0.05497440695762634 287
1748544870096 0.12118489295244217 431
1748544888375 0.4236070513725281 575
1748544906730 0.7729003429412842 719
1748544924976 0.85927414894104 863
1748544943289 0.8789663910865784 1007
1748544961589 0.896436870098114 1151
1748544979845 0.9030884504318237 1295
1748544998057 0.9098457098007202 1439
1748545016400 0.9161887764930725 1583
1748545034661 0.9217197895050049 1727
1748545052980 0.9240394830703735 1871
1748545071236 0.9273173213005066 2015
1748545089486 0.9302642345428467 2159
1748545107748 0.9312431812286377 2303
1748545125926 0.9343693256378174 2447
1748545144218 0.9357780814170837 2591
1748545162561 0.9371005296707153 2735
1748545180999 0.9397221803665161 2879
1748545199321 0.9408547878265381 3023
1748545217582 0.9421305656433105 3167
1748545235789 0.9434547424316406 3311
1748545254340 0.9433491230010986 3455
1748545272550 0.9461814165115356 3599
1748545291048 0.9461146593093872 3743
1748545309383 0.9470335245132446 3887
1748545327765 0.9479178190231323 4031
1748545346021 0.9479697942733765 4175
1748545364593 0.9491285681724548 4319
1748545383073 0.9516636729240417 4463
1748545401583 0.9523361325263977 4607
1748545419885 0.9518057107925415 4751
1748545438369 0.9532447457313538 4895
1748545456820 0.9549259543418884 5039
1748545475360 0.9574130773544312 5183
1748545493798 0.9579411149024963 5327
1748545512373 0.9596834182739258 5471
1748545530848 0.9621725082397461 5615
1748545549217 0.9627006649971008 5759
1748545567654 0.9654152393341064 5903
1748545586180 0.9659346342086792 6047
1748545604755 0.9679142832756042 6191
1748545623289 0.9723351001739502 6335
1748545641630 0.9735112190246582 6479
1748545660053 0.9745334982872009 6623
1748545678561 0.9766522645950317 6767
1748545697025 0.9776009321212769 6911
1748545715443 0.9786630868911743 7055
1748545733699 0.9789087772369385 7199
