1748544832352 0.5054781436920166 143
1748544850629 0.5218594074249268 287
1748544870096 0.630299985408783 431
1748544888375 0.8476894497871399 575
1748544906730 0.970378041267395 719
1748544924976 0.9867095947265625 863
1748544943289 0.9895639419555664 1007
1748544961589 0.9918621182441711 1151
1748544979845 0.9928151965141296 1295
1748544998057 0.9934792518615723 1439
1748545016400 0.9942249655723572 1583
1748545034661 0.9947414398193359 1727
1748545052980 0.9950932860374451 1871
1748545071236 0.9954019784927368 2015
1748545089486 0.995704174041748 2159
1748545107748 0.9959093332290649 2303
1748545125926 0.996034562587738 2447
1748545144218 0.996292233467102 2591
1748545162561 0.9963148236274719 2735
1748545180999 0.9965291023254395 2879
1748545199321 0.9967157244682312 3023
1748545217582 0.996745765209198 3167
1748545235789 0.9968084692955017 3311
1748545254340 0.9968789219856262 3455
1748545272550 0.9971114993095398 3599
1748545291048 0.9971044659614563 3743
1748545309383 0.9972385764122009 3887
1748545327765 0.9972108006477356 4031
1748545346021 0.9973865747451782 4175
1748545364593 0.997492790222168 4319
1748545383073 0.9975722432136536 4463
1748545401583 0.9977218508720398 4607
1748545419885 0.997623085975647 4751
1748545438369 0.9978578686714172 4895
1748545456820 0.9979338645935059 5039
1748545475360 0.9980362057685852 5183
1748545493798 0.9981328248977661 5327
1748545512373 0.9981531500816345 5471
1748545530848 0.9984483122825623 5615
1748545549217 0.9985195398330688 5759
1748545567654 0.9986680150032043 5903
1748545586180 0.998858630657196 6047
1748545604755 0.9989463090896606 6191
1748545623289 0.9990736246109009 6335
1748545641630 0.9991849064826965 6479
1748545660053 0.9992597699165344 6623
1748545678561 0.9993516802787781 6767
1748545697025 0.9994292259216309 6911
1748545715443 0.9994727969169617 7055
1748545733699 0.9994921088218689 7199
