1748546303990 0.0 49
1748546309058 0.0 99
1748546313328 0.0 117
1748546313639 0.0 117
1748546317584 1.0 149
1748546322656 1.0 199
1748546327287 1.0 235
1748546327382 1.0 235
1748546329509 2.0 249
1748546334584 2.0 299
1748546339682 2.0 349
1748546341394 2.0 353
1748546341489 2.0 353
1748546346904 3.0 399
1748546351988 3.0 449
1748546355064 3.0 471
1748546355158 3.0 471
1748546358737 4.0 499
1748546363834 4.0 549
1748546368793 4.0 589
1748546368883 4.0 589
1748546370605 5.0 599
1748546375708 5.0 649
1748546380789 5.0 699
1748546382576 5.0 707
1748546382622 5.0 707
1748546387656 6.0 749
1748546392735 6.0 799
1748546396330 6.0 825
1748546396426 6.0 825
1748546399522 7.0 849
1748546404598 7.0 899
1748546410048 7.0 943
1748546410138 7.0 943
1748546411507 8.0 949
1748546416602 8.0 999
1748546421682 8.0 1049
1748546423910 8.0 1061
1748546423956 8.0 1061
1748546428500 9.0 1099
1748546433561 9.0 1149
1748546437527 9.0 1179
1748546437616 9.0 1179
1748546440447 10.0 1199
1748546445523 10.0 1249
1748546451361 10.0 1297
1748546451406 10.0 1297
1748546452247 11.0 1299
1748546457398 11.0 1349
1748546462489 11.0 1399
1748546465034 11.0 1415
1748546465077 11.0 1415
1748546469177 12.0 1449
1748546474263 12.0 1499
1748546478597 12.0 1533
1748546478643 12.0 1533
1748546481017 13.0 1549
1748546486108 13.0 1599
1748546491199 13.0 1649
1748546492353 13.0 1651
1748546492398 13.0 1651
1748546497937 14.0 1699
1748546503013 14.0 1749
1748546506011 14.0 1769
1748546506102 14.0 1769
1748546509844 15.0 1799
1748546514928 15.0 1849
1748546519765 15.0 1887
1748546519856 15.0 1887
1748546521769 16.0 1899
1748546526872 16.0 1949
1748546531964 16.0 1999
1748546533541 16.0 2005
1748546533588 16.0 2005
1748546538988 17.0 2049
1748546544064 17.0 2099
1748546547466 17.0 2123
1748546547562 17.0 2123
1748546550993 18.0 2149
1748546556082 18.0 2199
1748546561305 18.0 2241
1748546561350 18.0 2241
1748546562898 19.0 2249
1748546567977 19.0 2299
1748546573069 19.0 2349
1748546575022 19.0 2359
1748546575065 19.0 2359
1748546579828 20.0 2399
1748546584897 20.0 2449
1748546588700 20.0 2477
1748546588744 20.0 2477
1748546591768 21.0 2499
1748546596868 21.0 2549
1748546602495 21.0 2595
1748546602537 21.0 2595
1748546603669 22.0 2599
1748546608758 22.0 2649
1748546613844 22.0 2699
1748546616187 22.0 2713
1748546616231 22.0 2713
1748546620667 23.0 2749
1748546625747 23.0 2799
1748546629920 23.0 2831
1748546630009 23.0 2831
1748546632569 24.0 2849
1748546637671 24.0 2899
1748546642689 24.0 2949
1748546643656 24.0 2949
1748546643701 24.0 2949
1748546649586 25.0 2999
1748546654666 25.0 3049
1748546657431 25.0 3067
1748546657522 25.0 3067
1748546661534 26.0 3099
1748546666602 26.0 3149
1748546671229 26.0 3185
1748546671323 26.0 3185
1748546673527 27.0 3199
1748546678604 27.0 3249
1748546683698 27.0 3299
1748546685093 27.0 3303
1748546685137 27.0 3303
1748546690557 28.0 3349
1748546695638 28.0 3399
1748546698824 28.0 3421
1748546698868 28.0 3421
1748546702391 29.0 3449
1748546707482 29.0 3499
1748546712446 29.0 3539
1748546712491 29.0 3539
1748546714370 30.0 3549
1748546719470 30.0 3599
1748546724564 30.0 3649
1748546726322 30.0 3657
1748546726365 30.0 3657
1748546731351 31.0 3699
1748546736434 31.0 3749
1748546739962 31.0 3775
1748546740005 31.0 3775
1748546743217 32.0 3799
1748546748323 32.0 3849
1748546753735 32.0 3893
1748546753779 32.0 3893
1748546755007 33.0 3899
1748546760118 33.0 3949
1748546765200 33.0 3999
1748546767390 33.0 4011
1748546767479 33.0 4011
1748546772031 34.0 4049
1748546777108 34.0 4099
1748546781085 34.0 4129
1748546781131 34.0 4129
1748546783945 35.0 4149
1748546789034 35.0 4199
1748546794920 35.0 4247
1748546795011 35.0 4247
1748546795918 36.0 4249
1748546801121 36.0 4299
1748546806202 36.0 4349
1748546808815 36.0 4365
1748546808862 36.0 4365
1748546813192 37.0 4399
1748546818281 37.0 4449
1748546822707 37.0 4483
1748546822751 37.0 4483
1748546825130 38.0 4499
1748546830211 38.0 4549
1748546835312 38.0 4599
1748546836497 38.0 4601
1748546836542 38.0 4601
1748546842165 39.0 4649
1748546847253 39.0 4699
1748546850229 39.0 4719
1748546850273 39.0 4719
1748546854100 40.0 4749
1748546859200 40.0 4799
1748546863981 40.0 4837
1748546864026 40.0 4837
1748546866066 41.0 4849
1748546871168 41.0 4899
1748546876252 41.0 4949
1748546877792 41.0 4955
1748546877880 41.0 4955
1748546883101 42.0 4999
1748546888173 42.0 5049
1748546891569 42.0 5073
1748546891613 42.0 5073
1748546895053 43.0 5099
1748546900143 43.0 5149
1748546905342 43.0 5191
1748546905433 43.0 5191
1748546906922 44.0 5199
1748546912015 44.0 5249
1748546917100 44.0 5299
1748546919052 44.0 5309
1748546919142 44.0 5309
1748546923938 45.0 5349
1748546929023 45.0 5399
1748546932817 45.0 5427
1748546932909 45.0 5427
1748546935958 46.0 5449
1748546941038 46.0 5499
1748546946716 46.0 5545
1748546946762 46.0 5545
1748546947833 47.0 5549
1748546952923 47.0 5599
1748546958011 47.0 5649
1748546960343 47.0 5663
1748546960431 47.0 5663
1748546964849 48.0 5699
1748546969927 48.0 5749
1748546974147 48.0 5781
1748546974237 48.0 5781
1748546976795 49.0 5799
1748546981867 49.0 5849
1748546986897 49.0 5899
1748546987916 49.0 5899
1748546988010 49.0 5899
