1748546313639 0.11386735737323761 117
1748546327382 0.19792619347572327 235
1748546341489 0.3630206286907196 353
1748546355158 0.6019273996353149 471
1748546368883 0.9041932225227356 589
1748546382622 1.2565927505493164 707
1748546396426 1.6437066793441772 825
1748546410138 2.048597812652588 943
1748546423956 2.4535510540008545 1061
1748546437616 2.840846538543701 1179
1748546451406 3.1935393810272217 1297
1748546465077 3.496196985244751 1415
1748546478643 3.7355780601501465 1533
1748546492398 3.9012086391448975 1651
1748546506102 3.985841989517212 1769
1748546519856 3.9973206520080566 1887
1748546533588 3.981235980987549 2005
1748546547562 3.9492099285125732 2123
1748546561350 3.9014997482299805 2241
1748546575065 3.838491439819336 2359
1748546588744 3.760690212249756 2477
1748546602537 3.66872239112854 2595
1748546616231 3.5633296966552734 2713
1748546630009 3.4453582763671875 2831
1748546643701 3.315760612487793 2949
1748546657522 3.1755809783935547 3067
1748546671323 3.025944948196411 3185
1748546685137 2.868058681488037 3303
1748546698868 2.7031936645507812 3421
1748546712491 2.532677173614502 3539
1748546726365 2.3578810691833496 3657
1748546740005 2.1802139282226562 3775
1748546753779 2.0011065006256104 3893
1748546767479 1.8219997882843018 4011
1748546781131 1.6443365812301636 4129
1748546795011 1.469546914100647 4247
1748546808862 1.2990378141403198 4365
1748546822751 1.1341828107833862 4483
1748546836542 0.9763087034225464 4601
1748546850273 0.8266869783401489 4719
1748546864026 0.6865222454071045 4837
1748546877880 0.5569427609443665 4955
1748546891613 0.4389922022819519 5073
1748546905433 0.3336198925971985 5191
1748546919142 0.24167436361312866 5309
1748546932909 0.16389593482017517 5427
1748546946762 0.10091076046228409 5545
1748546960431 0.05322601646184921 5663
1748546974237 0.021225620061159134 5781
1748546988010 0.005167215131223202 5899
