1748546303990 0.10737847536802292 49
1748546309058 0.13006076216697693 99
1748546317584 0.16787122189998627 149
1748546322656 0.22051191329956055 199
1748546329509 0.287568062543869 249
1748546334584 0.36851128935813904 299
1748546339682 0.46270379424095154 349
1748546346904 0.5694034099578857 399
1748546351988 0.6877694129943848 449
1748546358737 0.8168690800666809 499
1748546363834 0.9556851983070374 549
1748546370605 1.1031240224838257 599
1748546375708 1.258023738861084 649
1748546380789 1.4191638231277466 699
1748546387656 1.585274577140808 749
1748546392735 1.755047082901001 799
1748546399522 1.9271436929702759 849
1748546404598 2.1002085208892822 899
1748546411507 2.2728774547576904 949
1748546416602 2.4437904357910156 999
1748546421682 2.611600399017334 1049
1748546428500 2.7749853134155273 1099
1748546433561 2.9326577186584473 1149
1748546440447 3.0833752155303955 1199
1748546445523 3.225950241088867 1249
1748546452247 3.3592593669891357 1299
1748546457398 3.4822521209716797 1349
1748546462489 3.593959331512451 1399
1748546469177 3.6935012340545654 1449
1748546474263 3.78009295463562 1499
1748546481017 3.8530523777008057 1549
1748546486108 3.911804676055908 1599
1748546491199 3.9558870792388916 1649
1748546497937 3.9849517345428467 1699
1748546503013 3.998770236968994 1749
1748546509844 3.9994795322418213 1799
1748546514928 3.996300220489502 1849
1748546521769 3.9902353286743164 1899
1748546526872 3.9812934398651123 1949
1748546531964 3.9694876670837402 1999
1748546538988 3.9548349380493164 2049
1748546544064 3.93735671043396 2099
1748546550993 3.9170780181884766 2149
1748546556082 3.894028425216675 2199
1748546562898 3.86824107170105 2249
1748546567977 3.8397531509399414 2299
1748546573069 3.8086061477661133 2349
1748546579828 3.7748448848724365 2399
1748546584897 3.738518476486206 2449
1748546591768 3.699679136276245 2499
1748546596868 3.658383369445801 2549
1748546603669 3.6146905422210693 2599
1748546608758 3.568664073944092 2649
1748546613844 3.5203707218170166 2699
1748546620667 3.4698798656463623 2749
1748546625747 3.417264938354492 2799
1748546632569 3.3626017570495605 2849
1748546637671 3.305969476699829 2899
1748546642689 3.247450351715088 2949
1748546649586 3.1871285438537598 2999
1748546654666 3.125091314315796 3049
1748546661534 3.0614287853240967 3099
1748546666602 2.996232748031616 3149
1748546673527 2.9295976161956787 3199
1748546678604 2.861619710922241 3249
1748546683698 2.7923972606658936 3299
1748546690557 2.7220306396484375 3349
1748546695638 2.6506214141845703 3399
1748546702391 2.578273057937622 3449
1748546707482 2.5050899982452393 3499
1748546714370 2.431178092956543 3549
1748546719470 2.356644630432129 3599
1748546724564 2.2815968990325928 3649
1748546731351 2.206143617630005 3699
1748546736434 2.130394220352173 3749
1748546743217 2.054457664489746 3799
1748546748323 1.9784444570541382 3849
1748546755007 1.9024641513824463 3899
1748546760118 1.8266267776489258 3949
1748546765200 1.7510418891906738 3999
1748546772031 1.675818920135498 4049
1748546777108 1.6010667085647583 4099
1748546783945 1.5268932580947876 4149
1748546789034 1.4534059762954712 4199
1748546795918 1.3807110786437988 4249
1748546801121 1.3089137077331543 4299
1748546806202 1.2381176948547363 4349
1748546813192 1.168425440788269 4399
1748546818281 1.099937915802002 4449
1748546825130 1.0327539443969727 4499
1748546830211 0.9669708609580994 4549
1748546835312 0.902683675289154 4599
1748546842165 0.8399855494499207 4649
1748546847253 0.778967022895813 4699
1748546854100 0.7197163701057434 4749
1748546859200 0.6623193621635437 4799
1748546866066 0.6068589687347412 4849
1748546871168 0.5534154772758484 4899
1748546876252 0.5020660758018494 4949
1748546883101 0.45288506150245667 4999
1748546888173 0.4059436321258545 5049
1748546895053 0.36130961775779724 5099
1748546900143 0.31904762983322144 5149
1748546906922 0.27921879291534424 5199
1748546912015 0.2418806552886963 5249
1748546917100 0.20708729326725006 5299
1748546923938 0.1748889833688736 5349
1748546929023 0.14533232152462006 5399
1748546935958 0.11846005171537399 5449
1748546941038 0.09431104362010956 5499
1748546947833 0.07292022556066513 5549
1748546952923 0.05431853234767914 5599
1748546958011 0.03853287547826767 5649
1748546964849 0.02558608539402485 5699
1748546969927 0.015496889129281044 5749
1748546976795 0.00827987864613533 5799
1748546981867 0.003945492208003998 5849
1748546986897 0.0024999999441206455 5899
