1748546313639 1.0849277973175049 117
1748546327382 0.6783018708229065 235
1748546341489 0.5474333763122559 353
1748546355158 0.44688355922698975 471
1748546368883 0.39351487159729004 589
1748546382622 0.36048609018325806 707
1748546396426 0.33088937401771545 825
1748546410138 0.3112739026546478 943
1748546423956 0.29339274764060974 1061
1748546437616 0.2834106683731079 1179
1748546451406 0.26857712864875793 1297
1748546465077 0.26207247376441956 1415
1748546478643 0.25028422474861145 1533
1748546492398 0.24273687601089478 1651
1748546506102 0.23701390624046326 1769
1748546519856 0.22765754163265228 1887
1748546533588 0.21861699223518372 2005
1748546547562 0.21380792558193207 2123
1748546561350 0.20839589834213257 2241
1748546575065 0.2057109773159027 2359
1748546588744 0.19794407486915588 2477
1748546602537 0.19444987177848816 2595
1748546616231 0.19152554869651794 2713
1748546630009 0.1878911256790161 2831
1748546643701 0.18266934156417847 2949
1748546657522 0.17834676802158356 3067
1748546671323 0.17806082963943481 3185
1748546685137 0.17626701295375824 3303
1748546698868 0.1718255579471588 3421
1748546712491 0.1688021868467331 3539
1748546726365 0.1660202443599701 3657
1748546740005 0.16146834194660187 3775
1748546753779 0.1586671769618988 3893
1748546767479 0.155419260263443 4011
1748546781131 0.14691342413425446 4129
1748546795011 0.14237190783023834 4247
1748546808862 0.1400519758462906 4365
1748546822751 0.13602600991725922 4483
1748546836542 0.13302473723888397 4601
1748546850273 0.1277332603931427 4719
1748546864026 0.12002871930599213 4837
1748546877880 0.11486125737428665 4955
1748546891613 0.1065947413444519 5073
1748546905433 0.10053569823503494 5191
1748546919142 0.0964435338973999 5309
1748546932909 0.08743135631084442 5427
1748546946762 0.08124338835477829 5545
1748546960431 0.08000271022319794 5663
1748546974237 0.07608743757009506 5781
1748546988010 0.07554324716329575 5899
