1748546303990 0.9881951212882996 49
1748546309058 0.7857372164726257 99
1748546317584 0.7185586094856262 149
1748546322656 0.6639323830604553 199
1748546329509 0.5781995058059692 249
1748546334584 0.6240603923797607 299
1748546339682 0.4861599802970886 349
1748546346904 0.41847068071365356 399
1748546351988 0.4305233061313629 449
1748546358737 0.4121968448162079 499
1748546363834 0.3675583600997925 549
1748546370605 0.34835755825042725 599
1748546375708 0.33167764544487 649
1748546380789 0.398951917886734 699
1748546387656 0.3462975025177002 749
1748546392735 0.30862993001937866 799
1748546399522 0.34136927127838135 849
1748546404598 0.22783765196800232 899
1748546411507 0.3398517668247223 949
1748546416602 0.2813931703567505 999
1748546421682 0.29988911747932434 1049
1748546428500 0.2838931679725647 1099
1748546433561 0.29003027081489563 1149
1748546440447 0.22526749968528748 1199
1748546445523 0.293380469083786 1249
1748546452247 0.2205711305141449 1299
1748546457398 0.2840416133403778 1349
1748546462489 0.19205878674983978 1399
1748546469177 0.27697405219078064 1449
1748546474263 0.19853448867797852 1499
1748546481017 0.2201787382364273 1549
1748546486108 0.2885619103908539 1599
1748546491199 0.30084356665611267 1649
1748546497937 0.21264779567718506 1699
1748546503013 0.28606972098350525 1749
1748546509844 0.2302311211824417 1799
1748546514928 0.27855730056762695 1849
1748546521769 0.1882331520318985 1899
1748546526872 0.20439189672470093 1949
1748546531964 0.2506400942802429 1999
1748546538988 0.2154279500246048 2049
1748546544064 0.15670150518417358 2099
1748546550993 0.2344355583190918 2149
1748546556082 0.23569276928901672 2199
1748546562898 0.23832914233207703 2249
1748546567977 0.2751469910144806 2299
1748546573069 0.19374015927314758 2349
1748546579828 0.19939261674880981 2399
1748546584897 0.1939425766468048 2449
1748546591768 0.17358338832855225 2499
1748546596868 0.18222226202487946 2549
1748546603669 0.2214626520872116 2599
1748546608758 0.16274034976959229 2649
1748546613844 0.19771134853363037 2699
1748546620667 0.2339298129081726 2749
1748546625747 0.16663211584091187 2799
1748546632569 0.22103962302207947 2849
1748546637671 0.1624985933303833 2899
1748546642689 0.10395368188619614 2949
1748546649586 0.15330667793750763 2999
1748546654666 0.14779682457447052 3049
1748546661534 0.1904616355895996 3099
1748546666602 0.13377879559993744 3149
1748546673527 0.1953505277633667 3199
1748546678604 0.14842453598976135 3249
1748546683698 0.14013290405273438 3299
1748546690557 0.16785772144794464 3349
1748546695638 0.1273328959941864 3399
1748546702391 0.14811159670352936 3449
1748546707482 0.13979627192020416 3499
1748546714370 0.16886943578720093 3549
1748546719470 0.16351976990699768 3599
1748546724564 0.14990659058094025 3649
1748546731351 0.13952991366386414 3699
1748546736434 0.1641174852848053 3749
1748546743217 0.20898400247097015 3799
1748546748323 0.1160423755645752 3849
1748546755007 0.1545509696006775 3899
1748546760118 0.13418644666671753 3949
1748546765200 0.15576171875 3999
1748546772031 0.15798506140708923 4049
1748546777108 0.16922786831855774 4099
1748546783945 0.13444572687149048 4149
1748546789034 0.13229867815971375 4199
1748546795918 0.13316014409065247 4249
1748546801121 0.12143290042877197 4299
1748546806202 0.10430227220058441 4349
1748546813192 0.1783183068037033 4399
1748546818281 0.15004082024097443 4449
1748546825130 0.11951529234647751 4499
1748546830211 0.16703815758228302 4549
1748546835312 0.13059982657432556 4599
1748546842165 0.11900654435157776 4649
1748546847253 0.16268053650856018 4699
1748546854100 0.14789630472660065 4749
1748546859200 0.1370546817779541 4799
1748546866066 0.06837283819913864 4849
1748546871168 0.12342473119497299 4899
1748546876252 0.13738369941711426 4949
1748546883101 0.1109413206577301 4999
1748546888173 0.0816553607583046 5049
1748546895053 0.1128794252872467 5099
1748546900143 0.11032702773809433 5149
1748546906922 0.09238020330667496 5199
1748546912015 0.13170552253723145 5249
1748546917100 0.10259305685758591 5299
1748546923938 0.12459775805473328 5349
1748546929023 0.07634095847606659 5399
1748546935958 0.06414236128330231 5449
1748546941038 0.08680001646280289 5499
1748546947833 0.060521647334098816 5549
1748546952923 0.06391981244087219 5599
1748546958011 0.07573016732931137 5649
1748546964849 0.10554720461368561 5699
1748546969927 0.050745949149131775 5749
1748546976795 0.08626388758420944 5799
1748546981867 0.09534592181444168 5849
1748546986897 0.0288617555052042 5899
