1748546313639 0.5877422094345093 117
1748546327382 0.7413787245750427 235
1748546341489 0.7972604036331177 353
1748546355158 0.8365099430084229 471
1748546368883 0.8539095520973206 589
1748546382622 0.8674012422561646 707
1748546396426 0.8794105648994446 825
1748546410138 0.8879731297492981 943
1748546423956 0.8944576978683472 1061
1748546437616 0.898829460144043 1179
1748546451406 0.9034437537193298 1297
1748546465077 0.9054756760597229 1415
1748546478643 0.908930778503418 1533
1748546492398 0.9126009345054626 1651
1748546506102 0.9149866104125977 1769
1748546519856 0.9184783697128296 1887
1748546533588 0.9214535355567932 2005
1748546547562 0.9231159687042236 2123
1748546561350 0.9250870943069458 2241
1748546575065 0.9252744913101196 2359
1748546588744 0.928957462310791 2477
1748546602537 0.9295135736465454 2595
1748546616231 0.9307543039321899 2713
1748546630009 0.9313223361968994 2831
1748546643701 0.9338690638542175 2949
1748546657522 0.9360362887382507 3067
1748546671323 0.934929609298706 3185
1748546685137 0.9370557069778442 3303
1748546698868 0.9378863573074341 3421
1748546712491 0.938877522945404 3539
1748546726365 0.9402463436126709 3657
1748546740005 0.9408444166183472 3775
1748546753779 0.9430190920829773 3893
1748546767479 0.9437486529350281 4011
1748546781131 0.9464115500450134 4129
1748546795011 0.9485501646995544 4247
1748546808862 0.9494220614433289 4365
1748546822751 0.9506139755249023 4483
1748546836542 0.9517847895622253 4601
1748546850273 0.953010618686676 4719
1748546864026 0.9568913578987122 4837
1748546877880 0.9588305950164795 4955
1748546891613 0.961243748664856 5073
1748546905433 0.9635598659515381 5191
1748546919142 0.9647775292396545 5309
1748546932909 0.9686563014984131 5427
1748546946762 0.9713377356529236 5545
1748546960431 0.9709722399711609 5663
1748546974237 0.973451554775238 5781
1748546988010 0.97336345911026 5899
