1749034333961 0.10321800410747528 93
1749034367405 0.12264137715101242 187
1749034401243 0.16076888144016266 281
1749034435956 0.21593159437179565 375
1749034469676 0.2857154607772827 469
1749034503009 0.36706608533859253 563
1749034537099 0.45642316341400146 657
1749034570301 0.5498757362365723 751
1749034603261 0.643333911895752 845
1749034637049 0.7327068448066711 939
1749034670060 0.8140835762023926 1033
1749034703353 0.883902370929718 1127
1749034737079 0.9391071200370789 1221
1749034770089 0.977281928062439 1315
1749034803068 0.9967560768127441 1409
1749034836541 0.99932461977005 1503
1749034869465 0.9953058362007141 1597
1749034903080 0.9873164892196655 1691
1749034935733 0.9754213094711304 1785
1749034968567 0.9597159028053284 1879
1749035001942 0.9403265118598938 1973
1749035034452 0.9174091815948486 2067
1749035067540 0.8911488652229309 2161
1749035100467 0.8617562055587769 2255
1749035132783 0.8294689059257507 2349
1749035165815 0.7945465445518494 2443
1749035198159 0.7572698593139648 2537
1749035230905 0.7179396748542786 2631
1749035263018 0.6768717765808105 2725
1749035295176 0.634397566318512 2819
1749035327323 0.5908586978912354 2913
1749035359551 0.5466057658195496 3007
1749035392365 0.5019952058792114 3101
1749035424448 0.4573860764503479 3195
1749035458188 0.4131375849246979 3289
1749035490117 0.3696059584617615 3383
1749035522064 0.32714155316352844 3477
1749035554201 0.2860864996910095 3571
1749035586218 0.2467712014913559 3665
1749035618767 0.20951230823993683 3759
1749035650446 0.17460967600345612 3853
1749035682716 0.1423444151878357 3947
1749035715332 0.11297640204429626 4041
1749035747266 0.08674189448356628 4135
1749035779125 0.0638522133231163 4229
1749035810976 0.04449165239930153 4323
1749035843111 0.028816064819693565 4417
1749035875560 0.016951680183410645 4511
1749035908115 0.008994032628834248 4605
1749035939972 0.005007169675081968 4699
