1749034333961 0.21979166567325592 93
1749034367405 0.5505833625793457 187
1749034401243 0.8699374794960022 281
1749034435956 0.9399166703224182 375
1749034469676 0.960812509059906 469
1749034503009 0.9665625095367432 563
1749034537099 0.9699166417121887 657
1749034570301 0.9668541550636292 751
1749034603261 0.9718958139419556 845
1749034637049 0.9785208106040955 939
1749034670060 0.976270854473114 1033
1749034703353 0.9798750281333923 1127
1749034737079 0.9792916774749756 1221
1749034770089 0.9792916774749756 1315
1749034803068 0.9824166893959045 1409
1749034836541 0.9800000190734863 1503
1749034869465 0.9829375147819519 1597
1749034903080 0.9805208444595337 1691
1749034935733 0.9821249842643738 1785
1749034968567 0.9818124771118164 1879
1749035001942 0.9818958044052124 1973
1749035034452 0.984041690826416 2067
1749035067540 0.9816874861717224 2161
1749035100467 0.9841458201408386 2255
1749035132783 0.9841874837875366 2349
1749035165815 0.9809374809265137 2443
1749035198159 0.9851041436195374 2537
1749035230905 0.9833750128746033 2631
1749035263018 0.9852291941642761 2725
1749035295176 0.984458327293396 2819
1749035327323 0.9847708344459534 2913
1749035359551 0.9857083559036255 3007
1749035392365 0.987708330154419 3101
1749035424448 0.9868749976158142 3195
1749035458188 0.9868541955947876 3289
1749035490117 0.9887916445732117 3383
1749035522064 0.9893541932106018 3477
1749035554201 0.9892083406448364 3571
1749035586218 0.9902708530426025 3665
1749035618767 0.9914791584014893 3759
1749035650446 0.992270827293396 3853
1749035682716 0.992229163646698 3947
1749035715332 0.9944583177566528 4041
1749035747266 0.9951249957084656 4135
1749035779125 0.9971250295639038 4229
1749035810976 0.9984166622161865 4323
1749035843111 0.9990000128746033 4417
1749035875560 0.9997708201408386 4511
1749035908115 0.9999374747276306 4605
1749035939972 0.9999791383743286 4699
