1749034333961 6.808223724365234 93
1749034367405 1.271558403968811 187
1749034401243 0.49161314964294434 281
1749034435956 0.23192451894283295 375
1749034469676 0.14625823497772217 469
1749034503009 0.11904893070459366 563
1749034537099 0.1049724593758583 657
1749034570301 0.11398390680551529 751
1749034603261 0.09532680362462997 845
1749034637049 0.07244306057691574 939
1749034670060 0.08065664768218994 1033
1749034703353 0.06628066301345825 1127
1749034737079 0.0710015594959259 1221
1749034770089 0.06997061520814896 1315
1749034803068 0.06049342826008797 1409
1749034836541 0.06796179711818695 1503
1749034869465 0.05813084542751312 1597
1749034903080 0.06638571619987488 1691
1749034935733 0.058623865246772766 1785
1749034968567 0.06276451796293259 1879
1749035001942 0.060499340295791626 1973
1749035034452 0.055468566715717316 2067
1749035067540 0.06048933416604996 2161
1749035100467 0.05453810095787048 2255
1749035132783 0.053708765655756 2349
1749035165815 0.06462758779525757 2443
1749035198159 0.04866862669587135 2537
1749035230905 0.05736466869711876 2631
1749035263018 0.049711160361766815 2725
1749035295176 0.053249847143888474 2819
1749035327323 0.05013791844248772 2913
1749035359551 0.04730064049363136 3007
1749035392365 0.042323749512434006 3101
1749035424448 0.0454239696264267 3195
1749035458188 0.04492466151714325 3289
1749035490117 0.03715124353766441 3383
1749035522064 0.03603484854102135 3477
1749035554201 0.03562824800610542 3571
1749035586218 0.03463264927268028 3665
1749035618767 0.030183807015419006 3759
1749035650446 0.02788529172539711 3853
1749035682716 0.026607390493154526 3947
1749035715332 0.02073695696890354 4041
1749035747266 0.0177936814725399 4135
1749035779125 0.012338259257376194 4229
1749035810976 0.008082364685833454 4323
1749035843111 0.0057252878323197365 4417
1749035875560 0.003029191866517067 4511
1749035908115 0.002232410479336977 4605
1749035939972 0.002024465473368764 4699
