1749078174061 0.0 18
1749078174610 0.0 18
1749078237369 1.0 37
1749078237488 1.0 37
1749078278044 2.0 49
1749078296186 2.0 56
1749078296225 2.0 56
1749078356321 3.0 75
1749078356371 3.0 75
1749078418466 4.0 94
1749078418519 4.0 94
1749078455161 5.0 99
1749078476753 5.0 113
1749078476801 5.0 113
1749078536436 6.0 132
1749078536507 6.0 132
1749078580658 7.0 149
1749078596836 7.0 151
1749078596879 7.0 151
1749078655903 8.0 170
1749078655936 8.0 170
1749078717796 9.0 189
1749078717829 9.0 189
1749078757920 10.0 199
1749078777279 10.0 208
1749078777311 10.0 208
1749078835390 11.0 227
1749078835425 11.0 227
1749078895601 12.0 246
1749078895632 12.0 246
1749078931327 13.0 249
1749078953310 13.0 265
1749078953341 13.0 265
1749079011449 14.0 284
1749079011493 14.0 284
1749079053670 15.0 299
1749079070434 15.0 303
1749079070465 15.0 303
1749079129608 16.0 322
1749079129640 16.0 322
1749079189286 17.0 341
1749079189318 17.0 341
1749079226992 18.0 349
1749079246811 18.0 360
1749079246842 18.0 360
1749079307424 19.0 379
1749079307456 19.0 379
1749079364968 20.0 398
1749079364999 20.0 398
1749079399055 21.0 399
1749079421683 21.0 417
1749079421722 21.0 417
1749079482335 22.0 436
1749079482382 22.0 436
1749079524660 23.0 449
1749079543373 23.0 455
1749079543406 23.0 455
1749079604668 24.0 474
1749079604709 24.0 474
1749079665889 25.0 493
1749079665922 25.0 493
1749079703242 26.0 499
1749079724716 26.0 512
1749079724747 26.0 512
1749079784977 27.0 531
1749079785010 27.0 531
1749079827053 28.0 549
1749079843089 28.0 550
1749079843135 28.0 550
1749079901308 29.0 569
1749079901341 29.0 569
1749079962306 30.0 588
1749079962339 30.0 588
1749080002052 31.0 599
1749080021081 31.0 607
1749080021114 31.0 607
1749080080250 32.0 626
1749080080303 32.0 626
1749080139744 33.0 645
1749080139804 33.0 645
1749080178499 34.0 649
1749080201148 34.0 664
1749080201199 34.0 664
1749080264397 35.0 683
1749080264449 35.0 683
1749080308270 36.0 699
1749080324985 36.0 702
1749080325018 36.0 702
1749080383292 37.0 721
1749080383327 37.0 721
1749080441506 38.0 740
1749080441538 38.0 740
1749080480119 39.0 749
1749080502542 39.0 759
1749080502579 39.0 759
1749080560440 40.0 778
1749080560471 40.0 778
1749080619693 41.0 797
1749080619727 41.0 797
1749080658282 42.0 799
1749080681646 42.0 816
1749080681679 42.0 816
1749080741053 43.0 835
1749080741085 43.0 835
1749080782444 44.0 849
1749080802371 44.0 854
1749080802405 44.0 854
1749080861154 45.0 873
1749080861188 45.0 873
1749080919672 46.0 892
1749080919723 46.0 892
1749080958575 47.0 899
1749080979290 47.0 911
1749080979338 47.0 911
1749081039972 48.0 930
1749081040018 48.0 930
1749081085749 49.0 949
1749081101492 49.0 949
1749081101543 49.0 949
