1749078174610 0.11252312362194061 18
1749078237488 0.19442446529865265 37
1749078296225 0.35799336433410645 56
1749078356371 0.5960308313369751 75
1749078418519 0.8980604410171509 94
1749078476801 1.2507890462875366 113
1749078536507 1.6386927366256714 132
1749078596879 2.0446982383728027 151
1749078655936 2.4509382247924805 170
1749078717829 2.839531183242798 189
1749078777311 3.193375587463379 208
1749078835425 3.4968976974487305 227
1749078895632 3.736738681793213 246
1749078953341 3.90234375 265
1749079011493 3.9864232540130615 284
1749079070465 3.9972422122955322 303
1749079129640 3.980957269668579 322
1749079189318 3.9487318992614746 341
1749079246842 3.900827169418335 360
1749079307456 3.837627649307251 379
1749079364999 3.759643316268921 398
1749079421722 3.6675004959106445 417
1749079482382 3.5619430541992188 436
1749079543406 3.443819046020508 455
1749079604709 3.3140809535980225 474
1749079665922 3.1737723350524902 493
1749079724747 3.0240232944488525 512
1749079785010 2.866039514541626 531
1749079843135 2.7010931968688965 550
1749079901341 2.5305118560791016 569
1749079962339 2.3556692600250244 588
1749080021114 2.1779732704162598 607
1749080080303 1.9988540410995483 626
1749080139804 1.8197543621063232 645
1749080201199 1.642115831375122 664
1749080264449 1.4673690795898438 683
1749080325018 1.296920657157898 702
1749080383327 1.1321430206298828 721
1749080441538 0.9743629693984985 740
1749080502579 0.824850857257843 759
1749080560471 0.6848104000091553 778
1749080619727 0.5553691387176514 797
1749080681679 0.4375692903995514 816
1749080741085 0.332359254360199 835
1749080802405 0.24058616161346436 854
1749080861188 0.16298887133598328 873
1749080919723 0.10019220411777496 892
1749080979338 0.052701715379953384 911
1749081040018 0.020899804309010506 930
1749081101543 0.005042504984885454 949
