1749078278044 0.37951210141181946 49
1749078455161 1.1570392847061157 99
1749078580658 2.2008447647094727 149
1749078757920 3.1996686458587646 199
1749078931327 3.8556649684906006 249
1749079053670 3.994983673095703 299
1749079226992 3.906503200531006 349
1749079399055 3.712212324142456 399
1749079524660 3.422901153564453 449
1749079703242 3.0546367168426514 499
1749079827053 2.627871036529541 549
1749080002052 2.1663055419921875 599
1749080178499 1.6955732107162476 649
1749080308270 1.2418171167373657 699
1749080480119 0.830237090587616 749
1749080658282 0.48369061946868896 799
1749080782444 0.2214236557483673 849
1749080958575 0.058001499623060226 899
1749081085749 0.0024999999441206455 949
