1749078174610 0.06717333197593689 18
1749078237488 0.00010741138976300135 37
1749078296225 0.0 56
1749078356371 0.00010741138976300135 75
1749078418519 0.0 94
1749078476801 0.0 113
1749078536507 0.01073326263576746 132
1749078596879 0.02645833231508732 151
1749078655936 0.0 170
1749078717829 0.0038702927995473146 189
1749078777311 0.0 208
1749078835425 0.0 227
1749078895632 0.00010471204586792737 246
1749078953341 0.00594159122556448 265
1749079011493 0.10000000149011612 284
1749079070465 0.10000000149011612 303
1749079129640 0.10000000149011612 322
1749079189318 0.10000000149011612 341
1749079246842 0.10000000149011612 360
1749079307456 0.10000000149011612 379
1749079364999 0.10000000149011612 398
1749079421722 0.10000000149011612 417
1749079482382 0.10000000149011612 436
1749079543406 0.10000000149011612 455
1749079604709 0.10000000149011612 474
1749079665922 0.10000000149011612 493
1749079724747 0.10000000149011612 512
1749079785010 0.10000000149011612 531
1749079843135 0.10000000149011612 550
1749079901341 0.10000000149011612 569
1749079962339 0.10000000149011612 588
1749080021114 0.10000000149011612 607
1749080080303 0.10000000149011612 626
1749080139804 0.10000000149011612 645
1749080201199 0.10000000149011612 664
1749080264449 0.10000000149011612 683
1749080325018 0.10000000149011612 702
1749080383327 0.10000000149011612 721
1749080441538 0.10000000149011612 740
1749080502579 0.10000000149011612 759
1749080560471 0.10000000149011612 778
1749080619727 0.10000000149011612 797
1749080681679 0.10000000149011612 816
1749080741085 0.10000000149011612 835
1749080802405 0.10000000149011612 854
1749080861188 0.10000000149011612 873
1749080919723 0.10000000149011612 892
1749080979338 0.10000000149011612 911
1749081040018 0.10000000149011612 930
1749081101543 0.10000000149011612 949
