1749078174610 0.04041241481900215 18
1749078237488 0.00016820858581922948 37
1749078296225 0.0 56
1749078356371 0.0002107481413986534 75
1749078418519 0.0 94
1749078476801 0.0 113
1749078536507 0.010327198542654514 132
1749078596879 0.04163934290409088 151
1749078655936 0.0 170
1749078717829 0.0029730815440416336 189
1749078777311 0.0 208
1749078835425 0.0 227
1749078895632 0.00010101010411744937 246
1749078953341 0.007809397764503956 265
1749079011493 0.018462423235177994 284
1749079070465 0.018462423235177994 303
1749079129640 0.018462423235177994 322
1749079189318 0.018462423235177994 341
1749079246842 0.018462423235177994 360
1749079307456 0.018462423235177994 379
1749079364999 0.018462423235177994 398
1749079421722 0.018462423235177994 417
1749079482382 0.018462423235177994 436
1749079543406 0.018462423235177994 455
1749079604709 0.018462423235177994 474
1749079665922 0.018462423235177994 493
1749079724747 0.018462423235177994 512
1749079785010 0.018462423235177994 531
1749079843135 0.018462423235177994 550
1749079901341 0.018462423235177994 569
1749079962339 0.018462423235177994 588
1749080021114 0.018462423235177994 607
1749080080303 0.018462423235177994 626
1749080139804 0.018462423235177994 645
1749080201199 0.018462423235177994 664
1749080264449 0.018462423235177994 683
1749080325018 0.018462423235177994 702
1749080383327 0.018462423235177994 721
1749080441538 0.018462423235177994 740
1749080502579 0.018462423235177994 759
1749080560471 0.018462423235177994 778
1749080619727 0.018462423235177994 797
1749080681679 0.018462423235177994 816
1749080741085 0.018462423235177994 835
1749080802405 0.018462423235177994 854
1749080861188 0.018462423235177994 873
1749080919723 0.018462423235177994 892
1749080979338 0.018462423235177994 911
1749081040018 0.018462423235177994 930
1749081101543 0.018462423235177994 949
