1749078174610 0.06832823157310486 18
1749078237488 0.00010560777445789427 37
1749078296225 0.0 56
1749078356371 0.00010560777445789427 75
1749078418519 0.0 94
1749078476801 0.0 113
1749078536507 0.010666385293006897 132
1749078596879 0.02682437375187874 151
1749078655936 0.0 170
1749078717829 0.003907487727701664 189
1749078777311 0.0 208
1749078835425 0.0 227
1749078895632 0.00010560777445789427 246
1749078953341 0.0062308586202561855 265
1749079011493 0.10170028358697891 284
1749079070465 0.10170028358697891 303
1749079129640 0.10170028358697891 322
1749079189318 0.10170028358697891 341
1749079246842 0.10170028358697891 360
1749079307456 0.10170028358697891 379
1749079364999 0.10170028358697891 398
1749079421722 0.10170028358697891 417
1749079482382 0.10170028358697891 436
1749079543406 0.10170028358697891 455
1749079604709 0.10170028358697891 474
1749079665922 0.10170028358697891 493
1749079724747 0.10170028358697891 512
1749079785010 0.10170028358697891 531
1749079843135 0.10170028358697891 550
1749079901341 0.10170028358697891 569
1749079962339 0.10170028358697891 588
1749080021114 0.10170028358697891 607
1749080080303 0.10170028358697891 626
1749080139804 0.10170028358697891 645
1749080201199 0.10170028358697891 664
1749080264449 0.10170028358697891 683
1749080325018 0.10170028358697891 702
1749080383327 0.10170028358697891 721
1749080441538 0.10170028358697891 740
1749080502579 0.10170028358697891 759
1749080560471 0.10170028358697891 778
1749080619727 0.10170028358697891 797
1749080681679 0.10170028358697891 816
1749080741085 0.10170028358697891 835
1749080802405 0.10170028358697891 854
1749080861188 0.10170028358697891 873
1749080919723 0.10170028358697891 892
1749080979338 0.10170028358697891 911
1749081040018 0.10170028358697891 930
1749081101543 0.10170028358697891 949
