1749078174610 0.02890009991824627 18
1749078237488 0.00038759689778089523 37
1749078296225 0.0 56
1749078356371 0.0055555556900799274 75
1749078418519 0.0 94
1749078476801 0.0 113
1749078536507 0.009950739331543446 132
1749078596879 0.09769230335950851 151
1749078655936 0.0 170
1749078717829 0.0024135680869221687 189
1749078777311 0.0 208
1749078835425 0.0 227
1749078895632 9.756097279023379e-05 246
1749078953341 0.0113899614661932 265
1749079011493 0.010170028544962406 284
1749079070465 0.010170028544962406 303
1749079129640 0.010170028544962406 322
1749079189318 0.010170028544962406 341
1749079246842 0.010170028544962406 360
1749079307456 0.010170028544962406 379
1749079364999 0.010170028544962406 398
1749079421722 0.010170028544962406 417
1749079482382 0.010170028544962406 436
1749079543406 0.010170028544962406 455
1749079604709 0.010170028544962406 474
1749079665922 0.010170028544962406 493
1749079724747 0.010170028544962406 512
1749079785010 0.010170028544962406 531
1749079843135 0.010170028544962406 550
1749079901341 0.010170028544962406 569
1749079962339 0.010170028544962406 588
1749080021114 0.010170028544962406 607
1749080080303 0.010170028544962406 626
1749080139804 0.010170028544962406 645
1749080201199 0.010170028544962406 664
1749080264449 0.010170028544962406 683
1749080325018 0.010170028544962406 702
1749080383327 0.010170028544962406 721
1749080441538 0.010170028544962406 740
1749080502579 0.010170028544962406 759
1749080560471 0.010170028544962406 778
1749080619727 0.010170028544962406 797
1749080681679 0.010170028544962406 816
1749080741085 0.010170028544962406 835
1749080802405 0.010170028544962406 854
1749080861188 0.010170028544962406 873
1749080919723 0.010170028544962406 892
1749080979338 0.010170028544962406 911
1749081040018 0.010170028544962406 930
1749081101543 0.010170028544962406 949
