1749078174610 6.682254314422607 18
1749078237488 3.8212242126464844 37
1749078296225 3.645023822784424 56
1749078356371 4.895079612731934 75
1749078418519 6.0923004150390625 94
1749078476801 7.760195255279541 113
1749078536507 11.246445655822754 132
1749078596879 10.83786678314209 151
1749078655936 15.551952362060547 170
1749078717829 15.842281341552734 189
1749078777311 17.939441680908203 208
1749078835425 19.39068031311035 227
1749078895632 20.097890853881836 246
1749078953341 nan 265
1749079011493 nan 284
1749079070465 nan 303
1749079129640 nan 322
1749079189318 nan 341
1749079246842 nan 360
1749079307456 nan 379
1749079364999 nan 398
1749079421722 nan 417
1749079482382 nan 436
1749079543406 nan 455
1749079604709 nan 474
1749079665922 nan 493
1749079724747 nan 512
1749079785010 nan 531
1749079843135 nan 550
1749079901341 nan 569
1749079962339 nan 588
1749080021114 nan 607
1749080080303 nan 626
1749080139804 nan 645
1749080201199 nan 664
1749080264449 nan 683
1749080325018 nan 702
1749080383327 nan 721
1749080441538 nan 740
1749080502579 nan 759
1749080560471 nan 778
1749080619727 nan 797
1749080681679 nan 816
1749080741085 nan 835
1749080802405 nan 854
1749080861188 nan 873
1749080919723 nan 892
1749080979338 nan 911
1749081040018 nan 930
1749081101543 nan 949
