1749078174610 0.4829067289829254 18
1749078237488 0.02657281793653965 37
1749078296225 0.10011088848114014 56
1749078356371 0.028576551005244255 75
1749078418519 0.07986553013324738 94
1749078476801 0.1108325943350792 113
1749078536507 0.14909374713897705 132
1749078596879 0.25644001364707947 151
1749078655936 0.1260538548231125 170
1749078717829 0.23578773438930511 189
1749078777311 0.1532067358493805 208
1749078835425 0.13994908332824707 227
1749078895632 0.29807254672050476 246
1749078953341 0.4805900752544403 265
1749079011493 0.49978867173194885 284
1749079070465 0.49978867173194885 303
1749079129640 0.49978867173194885 322
1749079189318 0.49978867173194885 341
1749079246842 0.49978867173194885 360
1749079307456 0.49978867173194885 379
1749079364999 0.49978867173194885 398
1749079421722 0.49978867173194885 417
1749079482382 0.49978867173194885 436
1749079543406 0.49978867173194885 455
1749079604709 0.49978867173194885 474
1749079665922 0.49978867173194885 493
1749079724747 0.49978867173194885 512
1749079785010 0.49978867173194885 531
1749079843135 0.49978867173194885 550
1749079901341 0.49978867173194885 569
1749079962339 0.49978867173194885 588
1749080021114 0.49978867173194885 607
1749080080303 0.49978867173194885 626
1749080139804 0.49978867173194885 645
1749080201199 0.49978867173194885 664
1749080264449 0.49978867173194885 683
1749080325018 0.49978867173194885 702
1749080383327 0.49978867173194885 721
1749080441538 0.49978867173194885 740
1749080502579 0.49978867173194885 759
1749080560471 0.49978867173194885 778
1749080619727 0.49978867173194885 797
1749080681679 0.49978867173194885 816
1749080741085 0.49978867173194885 835
1749080802405 0.49978867173194885 854
1749080861188 0.49978867173194885 873
1749080919723 0.49978867173194885 892
1749080979338 0.49978867173194885 911
1749081040018 0.49978867173194885 930
1749081101543 0.49978867173194885 949
