1749075657003 0.0 14
1749075657379 0.0 14
1749075697228 1.0 29
1749075697425 1.0 29
1749075736492 2.0 44
1749075736503 2.0 44
1749075746184 3.0 49
1749075776211 3.0 59
1749075776223 3.0 59
1749075815469 4.0 74
1749075815478 4.0 74
1749075855157 5.0 89
1749075855168 5.0 89
1749075876023 6.0 99
1749075894198 6.0 104
1749075894209 6.0 104
1749075933044 7.0 119
1749075933054 7.0 119
1749075972395 8.0 134
1749075972409 8.0 134
1749076003449 9.0 149
1749076011896 9.0 149
1749076011907 9.0 149
1749076051951 10.0 164
1749076051959 10.0 164
1749076091161 11.0 179
1749076091172 11.0 179
1749076130631 12.0 194
1749076130640 12.0 194
1749076140299 13.0 199
1749076170500 13.0 209
1749076170511 13.0 209
1749076210381 14.0 224
1749076210391 14.0 224
1749076249311 15.0 239
1749076249320 15.0 239
1749076270136 16.0 249
1749076288459 16.0 254
1749076288473 16.0 254
1749076327731 17.0 269
1749076327739 17.0 269
1749076368044 18.0 284
1749076368056 18.0 284
1749076398636 19.0 299
1749076406972 19.0 299
1749076406985 19.0 299
1749076446085 20.0 314
1749076446094 20.0 314
1749076485040 21.0 329
1749076485050 21.0 329
1749076526007 22.0 344
1749076526017 22.0 344
1749076535042 23.0 349
1749076565391 23.0 359
1749076565399 23.0 359
1749076604821 24.0 374
1749076604833 24.0 374
1749076643684 25.0 389
1749076643692 25.0 389
1749076665208 26.0 399
1749076683349 26.0 404
1749076683356 26.0 404
1749076723082 27.0 419
1749076723092 27.0 419
1749076762143 28.0 434
1749076762153 28.0 434
1749076792905 29.0 449
1749076801282 29.0 449
1749076801294 29.0 449
1749076841224 30.0 464
1749076841233 30.0 464
1749076880819 31.0 479
1749076880833 31.0 479
1749076920681 32.0 494
1749076920693 32.0 494
1749076930076 33.0 499
1749076960250 33.0 509
1749076960259 33.0 509
1749077000140 34.0 524
1749077000150 34.0 524
1749077039318 35.0 539
1749077039328 35.0 539
1749077060305 36.0 549
1749077079402 36.0 554
1749077079411 36.0 554
1749077118660 37.0 569
1749077118671 37.0 569
1749077158873 38.0 584
1749077158887 38.0 584
1749077190425 39.0 599
1749077197977 39.0 599
1749077197984 39.0 599
1749077237319 40.0 614
1749077237331 40.0 614
1749077276309 41.0 629
1749077276318 41.0 629
1749077316030 42.0 644
1749077316039 42.0 644
1749077325692 43.0 649
1749077355152 43.0 659
1749077355164 43.0 659
1749077394531 44.0 674
1749077394542 44.0 674
1749077434591 45.0 689
1749077434599 45.0 689
1749077455568 46.0 699
1749077474606 46.0 704
1749077474618 46.0 704
1749077513733 47.0 719
1749077513744 47.0 719
1749077552612 48.0 734
1749077552620 48.0 734
1749077583855 49.0 749
1749077591498 49.0 749
1749077591508 49.0 749
1749077609240 50.0 750
