1749075657379 0.10291091352701187 14
1749075697425 0.12183646857738495 29
1749075736503 0.15964166820049286 44
1749075776223 0.21465948224067688 59
1749075815478 0.2844639718532562 74
1749075855168 0.36597710847854614 89
1749075894209 0.4556046724319458 104
1749075933054 0.5493945479393005 119
1749075972409 0.6432110071182251 134
1749076011907 0.7329175472259521 149
1749076051959 0.8145582675933838 164
1749076091172 0.8845335245132446 179
1749076130640 0.9397577047348022 194
1749076170511 0.9777958393096924 209
1749076210391 0.9969704151153564 224
1749076249320 0.9992809295654297 239
1749076288473 0.9951705932617188 254
1749076327739 0.9870908856391907 269
1749076368056 0.975106954574585 284
1749076406985 0.9593152403831482 299
1749076446094 0.939842939376831 314
1749076485050 0.9168468117713928 329
1749076526017 0.8905118107795715 344
1749076565399 0.8610502481460571 359
1749076604833 0.8286991715431213 374
1749076643692 0.7937192320823669 389
1749076683356 0.7563919425010681 404
1749076723092 0.7170177102088928 419
1749076762153 0.6759136915206909 434
1749076801294 0.6334109902381897 449
1749076841233 0.589851438999176 464
1749076880833 0.5455859899520874 479
1749076920693 0.5009710788726807 494
1749076960259 0.4563658535480499 509
1749077000150 0.4121294319629669 524
1749077039328 0.3686179518699646 539
1749077079411 0.3261818587779999 554
1749077118671 0.28516268730163574 569
1749077158887 0.24589082598686218 584
1749077197984 0.20868238806724548 599
1749077237331 0.17383693158626556 614
1749077276318 0.14163509011268616 629
1749077316039 0.11233608424663544 644
1749077355164 0.086175836622715 659
1749077394542 0.06336493790149689 674
1749077434599 0.04408708214759827 689
1749077474618 0.028497472405433655 704
1749077513744 0.01672161929309368 719
1749077552620 0.008854348212480545 734
1749077591508 0.004958996083587408 749
