1749075746184 0.2021452933549881 49
1749075876023 0.4684077501296997 99
1749076003449 0.7731756567955017 149
1749076140299 0.9726213216781616 199
1749076270136 0.9944397211074829 249
1749076398636 0.9506997466087341 299
1749076535042 0.8671062588691711 349
1749076665208 0.751086950302124 399
1749076792905 0.6129506230354309 449
1749076930076 0.4649713337421417 499
1749077060305 0.32029762864112854 549
1749077190425 0.19178442656993866 599
1749077325692 0.09085069596767426 649
1749077455568 0.02646484225988388 699
1749077583855 0.004347825888544321 749
