1749075657379 0.05834213271737099 14
1749075697425 0.00013199578097555786 29
1749075736503 0.00026399156195111573 44
1749075776223 0.00026399156195111573 59
1749075815478 0.0 74
1749075855168 0.0 89
1749075894209 0.0 104
1749075933054 0.0 119
1749075972409 0.0 134
1749076011907 0.0 149
1749076051959 0.0 164
1749076091172 0.0 179
1749076130640 0.0 194
1749076170511 0.0 209
1749076210391 0.0 224
1749076249320 0.0 239
1749076288473 0.0 254
1749076327739 0.0 269
1749076368056 0.0 284
1749076406985 0.0 299
1749076446094 0.0 314
1749076485050 0.0 329
1749076526017 0.0 344
1749076565399 0.0 359
1749076604833 0.0 374
1749076643692 0.0 389
1749076683356 0.0 404
1749076723092 0.0 419
1749076762153 0.0 434
1749076801294 0.0 449
1749076841233 0.0 464
1749076880833 0.0 479
1749076920693 0.0 494
1749076960259 0.0 509
1749077000150 0.0 524
1749077039328 0.0 539
1749077079411 0.0 554
1749077118671 0.0 569
1749077158887 0.0 584
1749077197984 0.0 599
1749077237331 0.0 614
1749077276318 0.0 629
1749077316039 0.0 644
1749077355164 0.0 659
1749077394542 0.0 674
1749077434599 0.10163674503564835 689
1749077474618 0.10058078169822693 704
1749077513744 0.0984688475728035 719
1749077552620 0.10031679272651672 734
1749077591508 0.10718057304620743 749
