1749075657379 27.592863082885742 14
1749075697425 8.625980377197266 29
1749075736503 3.147435188293457 44
1749075776223 2.723747968673706 59
1749075815478 2.8692307472229004 74
1749075855168 2.9907705783843994 89
1749075894209 3.226510524749756 104
1749075933054 3.4675538539886475 119
1749075972409 3.7237629890441895 134
1749076011907 3.9720942974090576 149
1749076051959 4.215001106262207 164
1749076091172 4.399963855743408 179
1749076130640 4.579557418823242 194
1749076170511 4.675244331359863 209
1749076210391 4.7574615478515625 224
1749076249320 4.776434421539307 239
1749076288473 4.7605133056640625 254
1749076327739 4.7635178565979 269
1749076368056 4.713395118713379 284
1749076406985 4.69742488861084 299
1749076446094 4.637832164764404 314
1749076485050 4.580763816833496 329
1749076526017 4.523074626922607 344
1749076565399 4.426309108734131 359
1749076604833 4.358009338378906 374
1749076643692 4.243091583251953 389
1749076683356 4.1477837562561035 404
1749076723092 4.02806282043457 419
1749076762153 3.909254789352417 434
1749076801294 3.786961793899536 449
1749076841233 3.6550354957580566 464
1749076880833 3.531644344329834 479
1749076920693 3.4017884731292725 494
1749076960259 3.2810404300689697 509
1749077000150 3.1614129543304443 524
1749077039328 3.0503056049346924 539
1749077079411 2.945230722427368 554
1749077118671 2.848703145980835 569
1749077158887 2.760716676712036 584
1749077197984 2.6808934211730957 599
1749077237331 2.6094322204589844 614
1749077276318 2.546212673187256 629
1749077316039 2.4918925762176514 644
1749077355164 2.4443821907043457 659
1749077394542 2.4043095111846924 674
1749077434599 2.3714897632598877 689
1749077474618 2.3452680110931396 704
1749077513744 2.3257312774658203 719
1749077552620 2.31188702583313 734
1749077591508 2.30485200881958 749
