1749075746184 2.687774658203125 49
1749075876023 3.3337249755859375 99
1749076003449 4.254432678222656 149
1749076140299 4.4676971435546875 199
1749076270136 4.8354949951171875 249
1749076398636 4.889447212219238 299
1749076535042 4.310638427734375 349
1749076665208 4.173175811767578 399
1749076792905 3.7948834896087646 449
1749076930076 3.2442474365234375 499
1749077060305 2.9805870056152344 549
1749077190425 2.550881862640381 599
1749077325692 2.472332000732422 649
1749077455568 2.358743667602539 699
1749077583855 2.159687042236328 749
