1749037039141 0.10321800410747528 93
1749037072045 0.12264137715101242 187
1749037106627 0.16076888144016266 281
1749037142352 0.21593159437179565 375
1749037177953 0.2857154607772827 469
1749037213088 0.36706608533859253 563
1749037248172 0.45642316341400146 657
1749037282856 0.5498757362365723 751
1749037318349 0.643333911895752 845
1749037353600 0.7327068448066711 939
1749037388553 0.8140835762023926 1033
1749037423166 0.883902370929718 1127
1749037458323 0.9391071200370789 1221
1749037493164 0.977281928062439 1315
1749037527821 0.9967560768127441 1409
1749037562548 0.99932461977005 1503
1749037597881 0.9953058362007141 1597
1749037632312 0.9873164892196655 1691
1749037666807 0.9754213094711304 1785
1749037701340 0.9597159028053284 1879
1749037736118 0.9403265118598938 1973
1749037770204 0.9174091815948486 2067
1749037804021 0.8911488652229309 2161
1749037838603 0.8617562055587769 2255
1749037872231 0.8294689059257507 2349
1749037906039 0.7945465445518494 2443
1749037940568 0.7572698593139648 2537
1749037974252 0.7179396748542786 2631
1749038007901 0.6768717765808105 2725
1749038042171 0.634397566318512 2819
1749038075793 0.5908586978912354 2913
1749038109026 0.5466057658195496 3007
1749038142848 0.5019952058792114 3101
1749038175809 0.4573860764503479 3195
1749038209010 0.4131375849246979 3289
1749038242496 0.3696059584617615 3383
1749038275528 0.32714155316352844 3477
1749038308970 0.2860864996910095 3571
1749038341844 0.2467712014913559 3665
1749038374907 0.20951230823993683 3759
1749038408774 0.17460967600345612 3853
1749038441793 0.1423444151878357 3947
1749038474758 0.11297640204429626 4041
1749038508277 0.08674189448356628 4135
1749038541456 0.0638522133231163 4229
1749038575575 0.04449165239930153 4323
1749038608640 0.028816064819693565 4417
1749038641792 0.016951680183410645 4511
1749038675748 0.008994032628834248 4605
1749038708864 0.005007169675081968 4699
