1749037039141 0.26218751072883606 93
1749037072045 0.5481458306312561 187
1749037106627 0.703499972820282 281
1749037142352 0.7780208587646484 375
1749037177953 0.8109583258628845 469
1749037213088 0.832770824432373 563
1749037248172 0.8363333344459534 657
1749037282856 0.8606458306312561 751
1749037318349 0.8638125061988831 845
1749037353600 0.8760833144187927 939
1749037388553 0.8801666498184204 1033
1749037423166 0.8815208077430725 1127
1749037458323 0.8881458044052124 1221
1749037493164 0.8865625262260437 1315
1749037527821 0.8916041851043701 1409
1749037562548 0.8922708630561829 1503
1749037597881 0.8972291946411133 1597
1749037632312 0.8956666588783264 1691
1749037666807 0.898062527179718 1785
1749037701340 0.8977916836738586 1879
1749037736118 0.8977916836738586 1973
1749037770204 0.8971041440963745 2067
1749037804021 0.9034166932106018 2161
1749037838603 0.9013333320617676 2255
1749037872231 0.9028124809265137 2349
1749037906039 0.9041666388511658 2443
1749037940568 0.9032708406448364 2537
1749037974252 0.9080416560173035 2631
1749038007901 0.9092708230018616 2725
1749038042171 0.9093958139419556 2819
1749038075793 0.9106458425521851 2913
1749038109026 0.909416675567627 3007
1749038142848 0.9120416641235352 3101
1749038175809 0.9134791493415833 3195
1749038209010 0.9163333177566528 3289
1749038242496 0.9181458353996277 3383
1749038275528 0.9206458330154419 3477
1749038308970 0.9246249794960022 3571
1749038341844 0.9260208606719971 3665
1749038374907 0.9286666512489319 3759
1749038408774 0.9309583306312561 3853
1749038441793 0.937250018119812 3947
1749038474758 0.9426666498184204 4041
1749038508277 0.9473333358764648 4135
1749038541456 0.9572916626930237 4229
1749038575575 0.9646250009536743 4323
1749038608640 0.9770208597183228 4417
1749038641792 0.9869999885559082 4511
1749038675748 0.9965000152587891 4605
1749038708864 0.9991666674613953 4699
