1749037020816 0.28125 49
1749037041090 0.4296875 99
1749037056444 0.546875 149
1749037075995 0.669921875 199
1749037092515 0.7578125 249
1749037112767 0.767578125 299
1749037129807 0.796875 349
1749037150354 0.787109375 399
1749037166724 0.8046875 449
1749037187867 0.8203125 499
1749037204552 0.86328125 549
1749037225233 0.826171875 599
1749037241812 0.865234375 649
1749037262106 0.83984375 699
1749037278652 0.845703125 749
1749037298859 0.84765625 799
1749037319780 0.853515625 849
1749037336175 0.87109375 899
1749037357121 0.900390625 949
1749037373544 0.880859375 999
1749037393975 0.873046875 1049
1749037410333 0.865234375 1099
1749037430562 0.873046875 1149
1749037446970 0.88671875 1199
1749037467640 0.8671875 1249
1749037483935 0.8828125 1299
1749037504438 0.89453125 1349
1749037520772 0.89453125 1399
1749037540963 0.90625 1449
1749037557578 0.87109375 1499
1749037577649 0.8984375 1549
1749037598658 0.892578125 1599
1749037614892 0.896484375 1649
1749037635161 0.90625 1699
1749037651414 0.892578125 1749
1749037671482 0.91015625 1799
1749037687736 0.91796875 1849
1749037707886 0.86328125 1899
1749037724070 0.916015625 1949
1749037744571 0.880859375 1999
1749037760753 0.8828125 2049
1749037780602 0.88671875 2099
1749037796606 0.87890625 2149
1749037816308 0.896484375 2199
1749037832289 0.908203125 2249
1749037852806 0.908203125 2299
1749037868695 0.8828125 2349
1749037888373 0.89453125 2399
1749037908084 0.90234375 2449
1749037923940 0.884765625 2499
1749037944483 0.89453125 2549
1749037960412 0.900390625 2599
1749037980172 0.92578125 2649
1749037996035 0.91015625 2699
1749038015622 0.923828125 2749
1749038031427 0.900390625 2799
1749038051919 0.9140625 2849
1749038067824 0.923828125 2899
1749038087274 0.93359375 2949
1749038103007 0.912109375 2999
1749038122337 0.892578125 3049
1749038137986 0.888671875 3099
1749038157983 0.90234375 3149
1749038177189 0.91796875 3199
1749038192857 0.90625 3249
1749038212255 0.9453125 3299
1749038227876 0.912109375 3349
1749038247687 0.91015625 3399
1749038263304 0.923828125 3449
1749038282566 0.912109375 3499
1749038298159 0.931640625 3549
1749038317793 0.935546875 3599
1749038333408 0.923828125 3649
1749038352635 0.9375 3699
1749038368274 0.9140625 3749
1749038387485 0.94921875 3799
1749038403048 0.92578125 3849
1749038423237 0.935546875 3899
1749038442537 0.951171875 3949
1749038458184 0.955078125 3999
1749038477374 0.9609375 4049
1749038492929 0.9453125 4099
1749038512936 0.951171875 4149
1749038528511 0.970703125 4199
1749038548141 0.943359375 4249
1749038563758 0.962890625 4299
1749038583759 0.974609375 4349
1749038599372 0.98828125 4399
1749038618776 0.986328125 4449
1749038634320 0.982421875 4499
1749038653752 1.0 4549
1749038669294 1.0 4599
1749038689566 0.998046875 4649
1749038705034 1.0 4699
