1749037039141 4.0370917320251465 93
1749037072045 1.1713998317718506 187
1749037106627 0.804419755935669 281
1749037142352 0.5934728384017944 375
1749037177953 0.5164328217506409 469
1749037213088 0.45946282148361206 563
1749037248172 0.44877704977989197 657
1749037282856 0.38206011056900024 751
1749037318349 0.3726143538951874 845
1749037353600 0.3404017388820648 939
1749037388553 0.3287835419178009 1033
1749037423166 0.32852327823638916 1127
1749037458323 0.30904072523117065 1221
1749037493164 0.3132754862308502 1315
1749037527821 0.3003663122653961 1409
1749037562548 0.29534703493118286 1503
1749037597881 0.28665319085121155 1597
1749037632312 0.28884217143058777 1691
1749037666807 0.28089189529418945 1785
1749037701340 0.28182440996170044 1879
1749037736118 0.28229159116744995 1973
1749037770204 0.2837848365306854 2067
1749037804021 0.268580824136734 2161
1749037838603 0.27182242274284363 2255
1749037872231 0.26861709356307983 2349
1749037906039 0.2651609778404236 2443
1749037940568 0.2697068750858307 2537
1749037974252 0.255328893661499 2631
1749038007901 0.2584936022758484 2725
1749038042171 0.2515657842159271 2819
1749038075793 0.24959592521190643 2913
1749038109026 0.24995039403438568 3007
1749038142848 0.24281306564807892 3101
1749038175809 0.24131402373313904 3195
1749038209010 0.2316841185092926 3289
1749038242496 0.22764013707637787 3383
1749038275528 0.22099901735782623 3477
1749038308970 0.21110188961029053 3571
1749038341844 0.20609623193740845 3665
1749038374907 0.19740739464759827 3759
1749038408774 0.1898602545261383 3853
1749038441793 0.17531663179397583 3947
1749038474758 0.16138873994350433 4041
1749038508277 0.14837110042572021 4135
1749038541456 0.12306723743677139 4229
1749038575575 0.10065534710884094 4323
1749038608640 0.06962838023900986 4417
1749038641792 0.04198510944843292 4511
1749038675748 0.017645416781306267 4605
1749038708864 0.007979832589626312 4699
