1748537039816 0.10154926776885986 97
1748537440351 0.11098118871450424 195
1748537808217 0.12986408174037933 293
1748538125568 0.15810595452785492 391
1748538477660 0.19556908309459686 489
1748538872987 0.24207091331481934 587
1748539278087 0.2973848581314087 685
1748539708272 0.3612411618232727 783
1748540038787 0.43332865834236145 881
1748540373500 0.5132960677146912 979
1748540707925 0.6007534265518188 1077
1748541039096 0.695274829864502 1175
1748541370717 0.7963988780975342 1273
1748541703368 0.9036333560943604 1371
1748542032269 1.0164554119110107 1469
1748542376242 1.1343148946762085 1567
1748542716222 1.256637692451477 1665
1748543047183 1.3828274011611938 1763
1748543438599 1.5122685432434082 1861
1748543797556 1.6443310976028442 1959
1748544153732 1.7783714532852173 2057
1748544512023 1.9137343168258667 2155
1748545087286 2.049762725830078 2253
1748545628815 2.1857922077178955 2351
1748546108356 2.3211593627929688 2449
1748546481589 2.455204486846924 2547
1748546864085 2.587275266647339 2645
1748547179508 2.716726541519165 2743
1748547511054 2.8429293632507324 2841
1748547843456 2.965266227722168 2939
1748548177853 3.083141803741455 3037
1748548524540 3.195983409881592 3135
1748548889062 3.3032383918762207 3233
1748549331606 3.4043850898742676 3331
1748549721609 3.498929023742676 3429
1748550244911 3.586411952972412 3527
1748550891078 3.66640567779541 3625
1748551358419 3.73852276802063 3723
1748551860554 3.802407741546631 3821
1748552369298 3.8577511310577393 3919
1748554585223 3.904284715652466 4017
1748554923223 3.941779136657715 4115
1748555397666 3.970055103302002 4213
1748557945841 3.9889700412750244 4311
1748576511106 3.9984331130981445 4409
1748586037049 3.9996986389160156 4507
1748586349683 3.9979047775268555 4605
1748586665232 3.9943227767944336 4703
1748586980300 3.9889562129974365 4801
1748587292235 3.9818103313446045 4899
